19845	4792	1
19845	11164	1
19845	28181	1
19845	7216	1
19845	9330	1
19845	23311	1
19845	15961	1
19845	18831	1
19845	20793	1
28245	19845	1
19945	19845	1
9995	19845	1
18342	19845	1
19845	11489	1
19845	29559	1
19845	6888	1
19845	8295	1
19845	18651	1
19845	9017	1
19845	912	1
19845	22452	1
19845	28097	1
19845	12130	1
19845	1289	1
19845	16708	1
19845	27254	1
8581	11671	1
8581	21207	1
8581	18867	1
8581	19059	1
8581	23333	1
2729	11671	1
30157	11671	1
15081	11671	1
1382	11671	1
24255	11671	1
24869	11671	1
2729	21207	1
30157	21207	1
15081	21207	1
1382	21207	1
24255	21207	1
24869	21207	1
2729	18867	1
30157	18867	1
15081	18867	1
1382	18867	1
24255	18867	1
24869	18867	1
2729	19059	1
30157	19059	1
15081	19059	1
1382	19059	1
24255	19059	1
24869	19059	1
2729	23333	1
30157	23333	1
15081	23333	1
1382	23333	1
24255	23333	1
24869	23333	1
15229	11671	1
25272	11671	1
9374	11671	1
22640	11671	1
15229	21207	1
25272	21207	1
9374	21207	1
22640	21207	1
15229	18867	1
25272	18867	1
9374	18867	1
22640	18867	1
15229	19059	1
25272	19059	1
9374	19059	1
22640	19059	1
15229	23333	1
25272	23333	1
9374	23333	1
22640	23333	1
11899	11671	1
11899	21207	1
11899	18867	1
11899	19059	1
11899	23333	1
7883	11671	1
7883	21207	1
7883	18867	1
7883	19059	1
7883	23333	1
13108	13848	1
28430	13848	1
1011	13848	1
13108	16779	1
28430	16779	1
1011	16779	1
13108	9639	1
28430	9639	1
1011	9639	1
21735	13108	1
25035	13108	1
21735	28430	1
25035	28430	1
21735	1011	1
25035	1011	1
16345	13108	1
16345	28430	1
16345	1011	1
5639	13108	1
5639	28430	1
5639	1011	1
26261	13108	1
26261	28430	1
26261	1011	1
20619	13108	1
7822	13108	1
3621	13108	1
20619	28430	1
7822	28430	1
3621	28430	1
20619	1011	1
7822	1011	1
3621	1011	1
13108	19485	1
28430	19485	1
1011	19485	1
13108	13998	1
28430	13998	1
1011	13998	1
13108	21633	1
28430	21633	1
1011	21633	1
13108	4013	1
28430	4013	1
1011	4013	1
13108	24527	1
28430	24527	1
1011	24527	1
997	13848	1
23248	13848	1
997	16779	1
23248	16779	1
997	9639	1
23248	9639	1
13848	17898	1
16779	17898	1
9639	17898	1
13848	29634	1
16779	29634	1
9639	29634	1
16345	13848	1
16345	16779	1
16345	9639	1
20619	13848	1
7822	13848	1
3621	13848	1
20619	16779	1
7822	16779	1
3621	16779	1
20619	9639	1
7822	9639	1
3621	9639	1
20182	13848	1
28727	13848	1
10274	13848	1
8116	13848	1
26218	13848	1
20182	16779	1
28727	16779	1
10274	16779	1
8116	16779	1
26218	16779	1
20182	9639	1
28727	9639	1
10274	9639	1
8116	9639	1
26218	9639	1
12580	101	1
20484	101	1
22796	101	1
9691	101	1
12580	18339	1
20484	18339	1
22796	18339	1
9691	18339	1
12580	17928	1
20484	17928	1
22796	17928	1
9691	17928	1
12580	16829	1
20484	16829	1
22796	16829	1
9691	16829	1
12039	21360	1
11253	21360	1
4056	21360	1
548	21360	1
12039	20542	1
11253	20542	1
4056	20542	1
548	20542	1
26895	21360	1
4937	21360	1
26895	20542	1
4937	20542	1
21360	101	1
20542	101	1
21360	14882	1
20542	14882	1
21360	18339	1
20542	18339	1
21360	17928	1
20542	17928	1
21360	16829	1
20542	16829	1
26723	21360	1
21637	21360	1
20054	21360	1
21683	21360	1
22589	21360	1
7391	21360	1
30137	21360	1
26723	20542	1
21637	20542	1
20054	20542	1
21683	20542	1
22589	20542	1
7391	20542	1
30137	20542	1
21360	3967	1
20542	3967	1
21360	8150	1
20542	8150	1
21360	6949	1
20542	6949	1
21360	17566	1
20542	17566	1
21360	16154	1
20542	16154	1
21360	8182	1
20542	8182	1
21360	11742	1
20542	11742	1
21360	25929	1
20542	25929	1
21360	3096	1
20542	3096	1
21360	15946	1
20542	15946	1
21360	18188	1
20542	18188	1
21360	10704	1
20542	10704	1
21360	6211	1
20542	6211	1
997	7674	1
23248	7674	1
997	10082	1
23248	10082	1
997	23897	1
23248	23897	1
997	19974	1
23248	19974	1
997	17898	1
23248	17898	1
997	29634	1
23248	29634	1
997	6259	1
23248	6259	1
997	20079	1
23248	20079	1
997	16345	1
23248	16345	1
997	5639	1
23248	5639	1
1358	997	1
28521	997	1
4270	997	1
1358	23248	1
28521	23248	1
4270	23248	1
997	20619	1
23248	20619	1
997	7822	1
23248	7822	1
997	3621	1
23248	3621	1
20182	997	1
28727	997	1
10274	997	1
8116	997	1
26218	997	1
20182	23248	1
28727	23248	1
10274	23248	1
8116	23248	1
26218	23248	1
4449	21774	1
23095	21774	1
4449	16716	1
23095	16716	1
4449	24659	1
23095	24659	1
4449	19721	1
23095	19721	1
4449	28588	1
23095	28588	1
4449	12015	1
23095	12015	1
4449	13991	1
23095	13991	1
4449	17521	1
23095	17521	1
4449	22333	1
23095	22333	1
29650	17947	1
7671	14178	1
4349	14178	1
148	14178	1
18831	4792	1
20793	4792	1
18831	11164	1
20793	11164	1
18831	28181	1
20793	28181	1
18831	7216	1
20793	7216	1
18831	9330	1
20793	9330	1
18831	23311	1
20793	23311	1
18831	15961	1
20793	15961	1
4792	10621	1
11164	10621	1
28181	10621	1
7216	10621	1
9330	10621	1
23311	10621	1
15961	10621	1
11489	4792	1
29559	4792	1
11489	11164	1
29559	11164	1
11489	28181	1
29559	28181	1
11489	7216	1
29559	7216	1
11489	9330	1
29559	9330	1
11489	23311	1
29559	23311	1
11489	15961	1
29559	15961	1
4792	8295	1
11164	8295	1
28181	8295	1
7216	8295	1
9330	8295	1
23311	8295	1
15961	8295	1
4792	18651	1
11164	18651	1
28181	18651	1
7216	18651	1
9330	18651	1
23311	18651	1
15961	18651	1
4792	9017	1
11164	9017	1
28181	9017	1
7216	9017	1
9330	9017	1
23311	9017	1
15961	9017	1
4792	912	1
11164	912	1
28181	912	1
7216	912	1
9330	912	1
23311	912	1
15961	912	1
4792	19492	1
11164	19492	1
28181	19492	1
7216	19492	1
9330	19492	1
23311	19492	1
15961	19492	1
4792	24258	1
11164	24258	1
28181	24258	1
7216	24258	1
9330	24258	1
23311	24258	1
15961	24258	1
4792	18657	1
11164	18657	1
28181	18657	1
7216	18657	1
9330	18657	1
23311	18657	1
15961	18657	1
4792	26107	1
11164	26107	1
28181	26107	1
7216	26107	1
9330	26107	1
23311	26107	1
15961	26107	1
4792	23132	1
11164	23132	1
28181	23132	1
7216	23132	1
9330	23132	1
23311	23132	1
15961	23132	1
4792	12939	1
11164	12939	1
28181	12939	1
7216	12939	1
9330	12939	1
23311	12939	1
15961	12939	1
4792	28830	1
11164	28830	1
28181	28830	1
7216	28830	1
9330	28830	1
23311	28830	1
15961	28830	1
4792	27062	1
11164	27062	1
28181	27062	1
7216	27062	1
9330	27062	1
23311	27062	1
15961	27062	1
2883	22404	1
10817	22404	1
2883	10876	1
10817	10876	1
2883	25735	1
10817	25735	1
2883	72	1
10817	72	1
2883	14335	1
10817	14335	1
2883	14882	1
10817	14882	1
11196	2883	1
21807	2883	1
11196	10817	1
21807	10817	1
2883	101	1
10817	101	1
2883	18339	1
10817	18339	1
2883	17928	1
10817	17928	1
2883	16829	1
10817	16829	1
27678	2883	1
14212	2883	1
2611	2883	1
3999	2883	1
27678	10817	1
14212	10817	1
2611	10817	1
3999	10817	1
2883	16154	1
10817	16154	1
2883	8182	1
10817	8182	1
2883	11742	1
10817	11742	1
2883	25929	1
10817	25929	1
2883	3096	1
10817	3096	1
2883	15946	1
10817	15946	1
8226	28014	1
15246	28014	1
8226	26280	1
8226	4844	1
15246	26280	1
15246	4844	1
6888	28014	1
6888	26280	1
6888	4844	1
13168	12680	1
9132	12680	1
13384	12680	1
21216	12680	1
7448	12680	1
24901	12680	1
12680	6464	1
12680	10771	1
28736	12680	1
27478	12680	1
12494	9563	1
12494	22778	1
12494	7432	1
12494	23912	1
12494	9677	1
101	9563	1
14882	9563	1
18339	9563	1
17928	9563	1
16829	9563	1
101	22778	1
14882	22778	1
18339	22778	1
17928	22778	1
16829	22778	1
101	7432	1
14882	7432	1
18339	7432	1
17928	7432	1
16829	7432	1
101	23912	1
14882	23912	1
18339	23912	1
17928	23912	1
16829	23912	1
101	9677	1
14882	9677	1
18339	9677	1
17928	9677	1
16829	9677	1
12102	9563	1
8537	9563	1
15755	9563	1
16117	9563	1
9393	9563	1
12102	22778	1
8537	22778	1
15755	22778	1
16117	22778	1
9393	22778	1
12102	7432	1
8537	7432	1
15755	7432	1
16117	7432	1
9393	7432	1
12102	23912	1
8537	23912	1
15755	23912	1
16117	23912	1
9393	23912	1
12102	9677	1
8537	9677	1
15755	9677	1
16117	9677	1
9393	9677	1
27678	9563	1
14212	9563	1
2611	9563	1
3999	9563	1
27678	22778	1
14212	22778	1
2611	22778	1
3999	22778	1
27678	7432	1
14212	7432	1
2611	7432	1
3999	7432	1
27678	23912	1
14212	23912	1
2611	23912	1
3999	23912	1
27678	9677	1
14212	9677	1
2611	9677	1
3999	9677	1
9572	9563	1
17308	9563	1
9488	9563	1
14849	9563	1
9572	22778	1
17308	22778	1
9488	22778	1
14849	22778	1
9572	7432	1
17308	7432	1
9488	7432	1
14849	7432	1
9572	23912	1
17308	23912	1
9488	23912	1
14849	23912	1
9572	9677	1
17308	9677	1
9488	9677	1
14849	9677	1
22428	6003	1
23342	7290	1
10057	20021	1
23348	20021	1
11141	20021	1
10119	20021	1
19159	20021	1
13885	15030	1
13885	21712	1
28245	18831	1
19945	18831	1
9995	18831	1
18342	18831	1
28245	20793	1
19945	20793	1
9995	20793	1
18342	20793	1
15228	18831	1
15228	20793	1
18831	11489	1
20793	11489	1
18831	29559	1
20793	29559	1
18831	22759	1
20793	22759	1
18831	13303	1
20793	13303	1
18831	12874	1
20793	12874	1
18831	155	1
20793	155	1
18831	6888	1
20793	6888	1
18831	8295	1
20793	8295	1
18831	18651	1
20793	18651	1
18831	9017	1
20793	9017	1
18831	912	1
20793	912	1
18831	1289	1
20793	1289	1
18831	16708	1
20793	16708	1
18831	27254	1
20793	27254	1
18831	20455	1
20793	20455	1
18831	18188	1
20793	18188	1
18831	10704	1
20793	10704	1
18831	6211	1
20793	6211	1
25743	16760	1
16116	16760	1
6552	16760	1
25743	202	1
16116	202	1
6552	202	1
25743	6550	1
16116	6550	1
6552	6550	1
25743	16493	1
16116	16493	1
6552	16493	1
25743	27609	1
16116	27609	1
6552	27609	1
28844	25743	1
7944	25743	1
5727	25743	1
28844	16116	1
7944	16116	1
5727	16116	1
28844	6552	1
7944	6552	1
5727	6552	1
29832	25743	1
26461	25743	1
16572	25743	1
28210	25743	1
29832	16116	1
26461	16116	1
16572	16116	1
28210	16116	1
29832	6552	1
26461	6552	1
16572	6552	1
28210	6552	1
10685	25743	1
10685	16116	1
10685	6552	1
15825	25743	1
15825	16116	1
15825	6552	1
25743	17653	1
16116	17653	1
6552	17653	1
25743	18195	1
16116	18195	1
6552	18195	1
25743	8581	1
16116	8581	1
6552	8581	1
25743	3967	1
16116	3967	1
6552	3967	1
13067	25743	1
20254	25743	1
13067	16116	1
20254	16116	1
13067	6552	1
20254	6552	1
25743	24757	1
16116	24757	1
6552	24757	1
25743	6579	1
16116	6579	1
6552	6579	1
25743	26432	1
16116	26432	1
6552	26432	1
25743	22229	1
16116	22229	1
6552	22229	1
25743	4866	1
16116	4866	1
6552	4866	1
29028	95	1
20279	95	1
1131	95	1
29028	15855	1
20279	15855	1
1131	15855	1
23561	1066	1
26475	1066	1
7728	1066	1
14632	1066	1
6369	1066	1
14337	1066	1
8030	1066	1
1066	20455	1
28245	15228	1
19945	15228	1
9995	15228	1
18342	15228	1
28245	11489	1
19945	11489	1
9995	11489	1
18342	11489	1
28245	29559	1
19945	29559	1
9995	29559	1
18342	29559	1
28245	22452	1
19945	22452	1
9995	22452	1
18342	22452	1
28245	28097	1
19945	28097	1
9995	28097	1
18342	28097	1
28245	12130	1
19945	12130	1
9995	12130	1
18342	12130	1
28245	1289	1
19945	1289	1
9995	1289	1
18342	1289	1
28245	16708	1
19945	16708	1
9995	16708	1
18342	16708	1
28245	27254	1
19945	27254	1
9995	27254	1
18342	27254	1
11196	22404	1
6949	22404	1
17566	22404	1
6949	10876	1
17566	10876	1
6949	25735	1
17566	25735	1
6949	72	1
17566	72	1
6949	14335	1
17566	14335	1
6949	14882	1
17566	14882	1
27148	22404	1
5586	22404	1
22004	22404	1
2790	22404	1
17287	22404	1
27148	10876	1
5586	10876	1
22004	10876	1
2790	10876	1
17287	10876	1
27148	25735	1
5586	25735	1
22004	25735	1
2790	25735	1
17287	25735	1
27148	72	1
5586	72	1
22004	72	1
2790	72	1
17287	72	1
27148	14335	1
5586	14335	1
22004	14335	1
2790	14335	1
17287	14335	1
27148	14882	1
5586	14882	1
22004	14882	1
2790	14882	1
17287	14882	1
10621	1575	1
23561	10621	1
26475	10621	1
7728	10621	1
14632	10621	1
6369	10621	1
14337	10621	1
8030	10621	1
1289	10621	1
16708	10621	1
27254	10621	1
10621	18911	1
10621	18188	1
10621	10704	1
10621	6211	1
12039	2964	1
11253	2964	1
4056	2964	1
548	2964	1
23792	2964	1
13118	2964	1
2779	2964	1
25486	2964	1
27947	2964	1
17947	2964	1
3967	2964	1
10388	2964	1
9895	2964	1
26686	2964	1
10864	2964	1
2705	2964	1
10267	2964	1
5475	2964	1
1293	12938	1
28723	12938	1
4847	2175	1
17384	2175	1
5863	2175	1
15526	2175	1
4847	12482	1
17384	12482	1
5863	12482	1
15526	12482	1
4847	463	1
17384	463	1
5863	463	1
15526	463	1
1520	2175	1
1520	12482	1
1520	463	1
20613	2175	1
21340	2175	1
19523	2175	1
20613	12482	1
21340	12482	1
19523	12482	1
20613	463	1
21340	463	1
19523	463	1
23586	2175	1
23586	12482	1
23586	463	1
3967	2175	1
3967	12482	1
3967	463	1
21850	2175	1
21850	12482	1
21850	463	1
3075	2175	1
3075	12482	1
3075	463	1
4332	28401	1
25138	28401	1
18949	28401	1
11667	28401	1
6542	28401	1
8452	28401	1
24695	28401	1
4332	17035	1
25138	17035	1
18949	17035	1
11667	17035	1
6542	17035	1
8452	17035	1
24695	17035	1
14495	1520	1
17253	1520	1
19416	1520	1
9167	22612	1
12927	22612	1
29825	22612	1
7863	22612	1
11204	22612	1
20669	22612	1
9167	15035	1
12927	15035	1
29825	15035	1
7863	15035	1
11204	15035	1
20669	15035	1
23064	287	1
21465	287	1
1293	21015	1
1293	24262	1
1022	21015	1
14652	21015	1
14787	21015	1
1022	24262	1
14652	24262	1
14787	24262	1
26301	25177	1
22767	25177	1
26773	25177	1
23719	25177	1
25177	15636	1
25177	25715	1
25177	18037	1
25177	4070	1
25177	17846	1
26895	28505	1
4937	28505	1
26895	19752	1
4937	19752	1
26895	9126	1
4937	9126	1
26895	5668	1
4937	5668	1
26895	23930	1
4937	23930	1
28505	23561	1
19752	23561	1
9126	23561	1
5668	23561	1
23930	23561	1
28505	26475	1
19752	26475	1
9126	26475	1
5668	26475	1
23930	26475	1
28505	7728	1
19752	7728	1
9126	7728	1
5668	7728	1
23930	7728	1
28505	14632	1
19752	14632	1
9126	14632	1
5668	14632	1
23930	14632	1
28505	6369	1
19752	6369	1
9126	6369	1
5668	6369	1
23930	6369	1
28505	14337	1
19752	14337	1
9126	14337	1
5668	14337	1
23930	14337	1
28505	8030	1
19752	8030	1
9126	8030	1
5668	8030	1
23930	8030	1
28505	21737	1
19752	21737	1
9126	21737	1
5668	21737	1
23930	21737	1
28505	18281	1
19752	18281	1
9126	18281	1
5668	18281	1
23930	18281	1
28505	16405	1
19752	16405	1
9126	16405	1
5668	16405	1
23930	16405	1
28505	29305	1
19752	29305	1
9126	29305	1
5668	29305	1
23930	29305	1
15346	12039	1
23225	12039	1
13148	12039	1
15346	11253	1
23225	11253	1
13148	11253	1
15346	4056	1
23225	4056	1
13148	4056	1
15346	548	1
23225	548	1
13148	548	1
26686	12039	1
10864	12039	1
2705	12039	1
26686	11253	1
10864	11253	1
2705	11253	1
26686	4056	1
10864	4056	1
2705	4056	1
26686	548	1
10864	548	1
2705	548	1
9167	8025	1
12927	8025	1
29825	8025	1
7863	8025	1
11204	8025	1
20669	8025	1
9167	3967	1
12927	3967	1
29825	3967	1
7863	3967	1
11204	3967	1
20669	3967	1
9167	2505	1
12927	2505	1
29825	2505	1
7863	2505	1
11204	2505	1
20669	2505	1
9167	10388	1
12927	10388	1
29825	10388	1
7863	10388	1
11204	10388	1
20669	10388	1
9167	9895	1
12927	9895	1
29825	9895	1
7863	9895	1
11204	9895	1
20669	9895	1
23792	8524	1
23792	22191	1
22265	18911	1
653	18911	1
6968	1931	1
10478	1931	1
24751	1931	1
20712	1931	1
14578	1931	1
6968	25245	1
10478	25245	1
24751	25245	1
20712	25245	1
14578	25245	1
6968	5961	1
10478	5961	1
24751	5961	1
20712	5961	1
14578	5961	1
6968	21528	1
10478	21528	1
24751	21528	1
20712	21528	1
14578	21528	1
15228	11489	1
15228	29559	1
15228	6888	1
15228	8295	1
15228	18651	1
15228	9017	1
15228	912	1
15228	1289	1
15228	16708	1
15228	27254	1
28844	16760	1
7944	16760	1
5727	16760	1
28844	202	1
7944	202	1
5727	202	1
28844	6550	1
7944	6550	1
5727	6550	1
28844	16493	1
7944	16493	1
5727	16493	1
28844	27609	1
7944	27609	1
5727	27609	1
29832	16760	1
26461	16760	1
16572	16760	1
28210	16760	1
29832	202	1
26461	202	1
16572	202	1
28210	202	1
29832	6550	1
26461	6550	1
16572	6550	1
28210	6550	1
29832	16493	1
26461	16493	1
16572	16493	1
28210	16493	1
29832	27609	1
26461	27609	1
16572	27609	1
28210	27609	1
10685	16760	1
10685	202	1
10685	6550	1
10685	16493	1
10685	27609	1
15825	16760	1
15825	202	1
15825	6550	1
15825	16493	1
15825	27609	1
10334	16760	1
10334	202	1
10334	6550	1
10334	16493	1
10334	27609	1
15987	16760	1
15987	202	1
15987	6550	1
15987	16493	1
15987	27609	1
25745	16760	1
7823	16760	1
2486	16760	1
13804	16760	1
14587	16760	1
25745	202	1
7823	202	1
2486	202	1
13804	202	1
14587	202	1
25745	6550	1
7823	6550	1
2486	6550	1
13804	6550	1
14587	6550	1
25745	16493	1
7823	16493	1
2486	16493	1
13804	16493	1
14587	16493	1
25745	27609	1
7823	27609	1
2486	27609	1
13804	27609	1
14587	27609	1
24757	16760	1
24757	202	1
24757	6550	1
24757	16493	1
24757	27609	1
22574	16760	1
27609	16760	1
22574	202	1
27609	202	1
22574	6550	1
27609	6550	1
22574	16493	1
27609	16493	1
22574	27609	1
27609	27609	1
17167	16760	1
17167	202	1
17167	6550	1
17167	16493	1
17167	27609	1
6579	16760	1
26432	16760	1
22229	16760	1
6579	202	1
26432	202	1
22229	202	1
6579	6550	1
26432	6550	1
22229	6550	1
6579	16493	1
26432	16493	1
22229	16493	1
6579	27609	1
26432	27609	1
22229	27609	1
15346	21334	1
23225	21334	1
13148	21334	1
26723	15346	1
21637	15346	1
20054	15346	1
21683	15346	1
22589	15346	1
7391	15346	1
30137	15346	1
26723	23225	1
21637	23225	1
20054	23225	1
21683	23225	1
22589	23225	1
7391	23225	1
30137	23225	1
26723	13148	1
21637	13148	1
20054	13148	1
21683	13148	1
22589	13148	1
7391	13148	1
30137	13148	1
15346	3376	1
23225	3376	1
13148	3376	1
15346	1868	1
23225	1868	1
13148	1868	1
15346	5503	1
23225	5503	1
13148	5503	1
15346	10065	1
23225	10065	1
13148	10065	1
15346	20511	1
23225	20511	1
13148	20511	1
15346	1571	1
23225	1571	1
13148	1571	1
15346	17161	1
23225	17161	1
13148	17161	1
15346	7670	1
23225	7670	1
13148	7670	1
15346	18442	1
23225	18442	1
13148	18442	1
15346	17410	1
23225	17410	1
13148	17410	1
15346	7158	1
23225	7158	1
13148	7158	1
8252	15346	1
23932	15346	1
8252	23225	1
23932	23225	1
8252	13148	1
23932	13148	1
15346	5133	1
23225	5133	1
13148	5133	1
15346	24078	1
23225	24078	1
13148	24078	1
15346	13939	1
23225	13939	1
13148	13939	1
15346	5475	1
23225	5475	1
13148	5475	1
20582	5787	1
20582	14231	1
20582	12159	1
20582	12024	1
20582	2286	1
20582	24191	1
21774	9658	1
16716	9658	1
24659	9658	1
21774	9138	1
16716	9138	1
24659	9138	1
21774	26446	1
16716	26446	1
24659	26446	1
10388	8025	1
9895	8025	1
8226	1575	1
15246	1575	1
23561	1575	1
26475	1575	1
7728	1575	1
14632	1575	1
6369	1575	1
14337	1575	1
8030	1575	1
2779	1575	1
25486	1575	1
27947	1575	1
19781	1575	1
941	1575	1
9069	1575	1
9572	12494	1
17308	12494	1
9488	12494	1
14849	12494	1
4224	1520	1
16345	7674	1
16345	10082	1
16345	23897	1
16345	19974	1
11187	18159	1
11187	14724	1
11187	2725	1
13168	6464	1
9132	6464	1
13384	6464	1
21216	6464	1
7448	6464	1
13168	10771	1
9132	10771	1
13384	10771	1
21216	10771	1
7448	10771	1
9893	13168	1
9893	9132	1
9893	13384	1
9893	21216	1
9893	7448	1
7012	13168	1
7012	9132	1
7012	13384	1
7012	21216	1
7012	7448	1
12273	13168	1
15750	13168	1
12273	9132	1
15750	9132	1
12273	13384	1
15750	13384	1
12273	21216	1
15750	21216	1
12273	7448	1
15750	7448	1
28736	13168	1
28736	9132	1
28736	13384	1
28736	21216	1
28736	7448	1
27478	13168	1
27478	9132	1
27478	13384	1
27478	21216	1
27478	7448	1
1293	1293	1
1293	1022	1
1293	14652	1
1293	14787	1
28723	1293	1
28401	4847	1
17035	4847	1
28401	17384	1
17035	17384	1
28401	5863	1
17035	5863	1
28401	15526	1
17035	15526	1
3075	4847	1
3075	17384	1
3075	5863	1
3075	15526	1
17167	4847	1
17167	17384	1
17167	5863	1
17167	15526	1
26723	21334	1
21637	21334	1
20054	21334	1
21683	21334	1
22589	21334	1
7391	21334	1
30137	21334	1
21737	21334	1
18281	21334	1
16405	21334	1
29305	21334	1
8252	21334	1
23932	21334	1
5133	21334	1
24078	21334	1
13939	21334	1
5475	21334	1
2693	17898	1
26386	17898	1
2693	29634	1
26386	29634	1
2693	14051	1
26386	14051	1
2693	22893	1
26386	22893	1
2693	20881	1
26386	20881	1
2693	2987	1
26386	2987	1
9218	2693	1
22361	2693	1
9218	26386	1
22361	26386	1
2693	22411	1
26386	22411	1
2693	26767	1
26386	26767	1
2693	5412	1
26386	5412	1
2693	9935	1
26386	9935	1
2693	17244	1
26386	17244	1
2693	15236	1
26386	15236	1
11889	76	1
11889	29502	1
11889	18159	1
18159	11889	1
14724	11889	1
2725	11889	1
19149	23561	1
19149	26475	1
19149	7728	1
19149	14632	1
19149	6369	1
19149	14337	1
19149	8030	1
21737	19149	1
18281	19149	1
16405	19149	1
29305	19149	1
5133	19149	1
24078	19149	1
13939	19149	1
5475	19149	1
19149	18188	1
19149	10704	1
19149	6211	1
16345	17898	1
16345	29634	1
20619	17898	1
7822	17898	1
3621	17898	1
20619	29634	1
7822	29634	1
3621	29634	1
20182	17898	1
28727	17898	1
10274	17898	1
8116	17898	1
26218	17898	1
20182	29634	1
28727	29634	1
10274	29634	1
8116	29634	1
26218	29634	1
24901	7012	1
24901	28736	1
24901	27478	1
10566	6464	1
4756	6464	1
10566	10771	1
4756	10771	1
21437	6464	1
30034	6464	1
4053	6464	1
21437	10771	1
30034	10771	1
4053	10771	1
28736	6464	1
28736	10771	1
26301	6949	1
22767	6949	1
26773	6949	1
23719	6949	1
26301	17566	1
22767	17566	1
26773	17566	1
23719	17566	1
15688	14051	1
149	14051	1
20479	14051	1
8606	14051	1
9919	14051	1
15688	22893	1
149	22893	1
20479	22893	1
8606	22893	1
9919	22893	1
15688	20881	1
149	20881	1
20479	20881	1
8606	20881	1
9919	20881	1
15688	2987	1
149	2987	1
20479	2987	1
8606	2987	1
9919	2987	1
14051	9367	1
22893	9367	1
20881	9367	1
2987	9367	1
14051	27389	1
22893	27389	1
20881	27389	1
2987	27389	1
14051	10247	1
22893	10247	1
20881	10247	1
2987	10247	1
14051	4952	1
22893	4952	1
20881	4952	1
2987	4952	1
23561	8226	1
26475	8226	1
7728	8226	1
14632	8226	1
6369	8226	1
14337	8226	1
8030	8226	1
23561	15246	1
26475	15246	1
7728	15246	1
14632	15246	1
6369	15246	1
14337	15246	1
8030	15246	1
12024	5787	1
2286	5787	1
24191	5787	1
12024	14231	1
2286	14231	1
24191	14231	1
12024	12159	1
2286	12159	1
24191	12159	1
20243	3376	1
20243	1868	1
20243	5503	1
26895	20613	1
4937	20613	1
26895	21340	1
4937	21340	1
26895	19523	1
4937	19523	1
26895	23561	1
4937	23561	1
26895	26475	1
4937	26475	1
26895	7728	1
4937	7728	1
26895	14632	1
4937	14632	1
26895	6369	1
4937	6369	1
26895	14337	1
4937	14337	1
26895	8030	1
4937	8030	1
26895	26723	1
4937	26723	1
26895	21637	1
4937	21637	1
26895	20054	1
4937	20054	1
26895	21683	1
4937	21683	1
26895	22589	1
4937	22589	1
26895	7391	1
4937	7391	1
26895	30137	1
4937	30137	1
26895	8150	1
4937	8150	1
26895	8252	1
4937	8252	1
26895	23932	1
4937	23932	1
26895	6949	1
4937	6949	1
26895	17566	1
4937	17566	1
26895	7840	1
4937	7840	1
26895	6034	1
4937	6034	1
26895	1767	1
4937	1767	1
5141	17451	1
22805	17451	1
5141	26054	1
22805	26054	1
4441	17167	1
26269	17167	1
25246	17167	1
23900	17167	1
17767	6268	1
18743	6268	1
14912	17767	1
20057	17767	1
14912	18743	1
20057	18743	1
1520	9658	1
1520	23586	1
21850	1520	1
1520	8478	1
7012	9893	1
9893	28736	1
9893	27478	1
21735	20316	1
25035	20316	1
21735	3547	1
25035	3547	1
21735	11804	1
25035	11804	1
21735	3117	1
25035	3117	1
21735	25724	1
25035	25724	1
16345	20316	1
16345	3547	1
16345	11804	1
16345	3117	1
16345	25724	1
20316	5639	1
3547	5639	1
11804	5639	1
3117	5639	1
25724	5639	1
20316	20619	1
3547	20619	1
11804	20619	1
3117	20619	1
25724	20619	1
20316	7822	1
3547	7822	1
11804	7822	1
3117	7822	1
25724	7822	1
20316	3621	1
3547	3621	1
11804	3621	1
3117	3621	1
25724	3621	1
29330	29172	1
19721	13991	1
28588	13991	1
12015	13991	1
19721	17521	1
28588	17521	1
12015	17521	1
19721	22333	1
28588	22333	1
12015	22333	1
19721	16772	1
28588	16772	1
12015	16772	1
19721	26013	1
28588	26013	1
12015	26013	1
19721	29204	1
28588	29204	1
12015	29204	1
19721	18086	1
28588	18086	1
12015	18086	1
19721	22878	1
28588	22878	1
12015	22878	1
28844	17653	1
7944	17653	1
5727	17653	1
28844	18195	1
7944	18195	1
5727	18195	1
29832	17653	1
26461	17653	1
16572	17653	1
28210	17653	1
29832	18195	1
26461	18195	1
16572	18195	1
28210	18195	1
10685	17653	1
10685	18195	1
15825	17653	1
15825	18195	1
28844	3967	1
7944	3967	1
5727	3967	1
29832	3967	1
26461	3967	1
16572	3967	1
28210	3967	1
10685	3967	1
15825	3967	1
28844	13067	1
7944	13067	1
5727	13067	1
28844	20254	1
7944	20254	1
5727	20254	1
29832	13067	1
26461	13067	1
16572	13067	1
28210	13067	1
29832	20254	1
26461	20254	1
16572	20254	1
28210	20254	1
10685	13067	1
10685	20254	1
15825	13067	1
15825	20254	1
28844	4866	1
7944	4866	1
5727	4866	1
29832	4866	1
26461	4866	1
16572	4866	1
28210	4866	1
10685	4866	1
15825	4866	1
17653	3967	1
18195	3967	1
4866	17653	1
4866	18195	1
12195	3768	1
12195	9174	1
12195	7400	1
12195	16568	1
18285	3768	1
18285	9174	1
18285	7400	1
18285	16568	1
25802	21443	1
24906	21443	1
29985	21443	1
21443	18911	1
7290	1480	1
7290	2691	1
7290	5169	1
25745	15688	1
7823	15688	1
2486	15688	1
13804	15688	1
14587	15688	1
25745	149	1
7823	149	1
2486	149	1
13804	149	1
14587	149	1
25745	20479	1
7823	20479	1
2486	20479	1
13804	20479	1
14587	20479	1
25745	8606	1
7823	8606	1
2486	8606	1
13804	8606	1
14587	8606	1
25745	9919	1
7823	9919	1
2486	9919	1
13804	9919	1
14587	9919	1
15688	9367	1
149	9367	1
20479	9367	1
8606	9367	1
9919	9367	1
15688	27389	1
149	27389	1
20479	27389	1
8606	27389	1
9919	27389	1
15688	10247	1
149	10247	1
20479	10247	1
8606	10247	1
9919	10247	1
15688	4952	1
149	4952	1
20479	4952	1
8606	4952	1
9919	4952	1
26261	15688	1
26261	149	1
26261	20479	1
26261	8606	1
26261	9919	1
15688	22574	1
149	22574	1
20479	22574	1
8606	22574	1
9919	22574	1
15688	27609	1
149	27609	1
20479	27609	1
8606	27609	1
9919	27609	1
12273	15688	1
15750	15688	1
12273	149	1
15750	149	1
12273	20479	1
15750	20479	1
12273	8606	1
15750	8606	1
12273	9919	1
15750	9919	1
13991	15688	1
17521	15688	1
22333	15688	1
13991	149	1
17521	149	1
22333	149	1
13991	20479	1
17521	20479	1
22333	20479	1
13991	8606	1
17521	8606	1
22333	8606	1
13991	9919	1
17521	9919	1
22333	9919	1
322	15688	1
3672	15688	1
29761	15688	1
27510	15688	1
322	149	1
3672	149	1
29761	149	1
27510	149	1
322	20479	1
3672	20479	1
29761	20479	1
27510	20479	1
322	8606	1
3672	8606	1
29761	8606	1
27510	8606	1
322	9919	1
3672	9919	1
29761	9919	1
27510	9919	1
1746	28169	1
18486	28169	1
1746	12396	1
18486	12396	1
1746	28040	1
18486	28040	1
22303	2309	1
22303	29737	1
22303	29817	1
2309	101	1
29737	101	1
29817	101	1
2309	14882	1
29817	14882	1
2309	18339	1
29737	18339	1
29817	18339	1
2309	17928	1
29737	17928	1
29817	17928	1
2309	16829	1
29737	16829	1
29817	16829	1
2309	26236	1
29737	26236	1
29817	26236	1
2309	12488	1
29737	12488	1
29817	12488	1
2309	29737	1
29737	29737	1
29817	29737	1
1464	2309	1
27111	2309	1
23428	2309	1
1464	29817	1
27111	29817	1
23428	29817	1
2309	6949	1
29737	6949	1
29817	6949	1
2309	17566	1
29737	17566	1
29817	17566	1
16254	14702	1
16254	20992	1
16254	19547	1
16254	7021	1
16254	26331	1
15693	16254	1
5260	16254	1
17189	16254	1
25889	16254	1
2391	16254	1
27714	16254	1
16254	6949	1
16254	17566	1
16254	18188	1
16254	10704	1
16254	6211	1
22058	27030	1
23665	27030	1
22058	25162	1
23665	25162	1
287	22510	1
287	7943	1
16345	21735	1
16345	25035	1
21735	5639	1
25035	5639	1
21735	8478	1
25035	8478	1
11489	8295	1
29559	8295	1
11489	18651	1
29559	18651	1
11489	9017	1
29559	9017	1
11489	912	1
29559	912	1
11489	1289	1
29559	1289	1
11489	16708	1
29559	16708	1
11489	27254	1
29559	27254	1
21568	20784	1
19814	20784	1
28930	20784	1
9033	20784	1
4654	20784	1
21568	8383	1
19814	8383	1
28930	8383	1
9033	8383	1
4654	8383	1
21568	25212	1
19814	25212	1
28930	25212	1
9033	25212	1
4654	25212	1
21568	15622	1
19814	15622	1
28930	15622	1
9033	15622	1
4654	15622	1
21568	5621	1
19814	5621	1
28930	5621	1
9033	5621	1
4654	5621	1
21568	7063	1
19814	7063	1
28930	7063	1
9033	7063	1
4654	7063	1
3782	20784	1
17798	20784	1
9452	20784	1
6900	20784	1
4024	20784	1
9712	20784	1
3782	8383	1
17798	8383	1
9452	8383	1
6900	8383	1
4024	8383	1
9712	8383	1
3782	25212	1
17798	25212	1
9452	25212	1
6900	25212	1
4024	25212	1
9712	25212	1
3782	15622	1
17798	15622	1
9452	15622	1
6900	15622	1
4024	15622	1
9712	15622	1
3782	5621	1
17798	5621	1
9452	5621	1
6900	5621	1
4024	5621	1
9712	5621	1
3782	7063	1
17798	7063	1
9452	7063	1
6900	7063	1
4024	7063	1
9712	7063	1
14798	20784	1
14798	8383	1
14798	25212	1
14798	15622	1
14798	5621	1
14798	7063	1
21568	5475	1
19814	5475	1
28930	5475	1
9033	5475	1
4654	5475	1
3782	5475	1
17798	5475	1
9452	5475	1
6900	5475	1
4024	5475	1
9712	5475	1
14798	5475	1
8581	15229	1
8581	25272	1
8581	9374	1
8581	22640	1
8581	11899	1
22191	27732	1
22191	23558	1
22191	29237	1
18159	76	1
14724	76	1
2725	76	1
18159	29502	1
14724	29502	1
2725	29502	1
18159	18159	1
14724	18159	1
2725	18159	1
18968	13865	1
8463	13865	1
6529	13865	1
29062	13865	1
18968	3	1
8463	3	1
6529	3	1
29062	3	1
14912	6268	1
20057	6268	1
3413	22303	1
18272	22303	1
3413	19688	1
18272	19688	1
3413	6008	1
18272	6008	1
6235	3967	1
6235	29338	1
6235	18911	1
6235	14976	1
22574	28401	1
27609	28401	1
22574	17035	1
27609	17035	1
1643	28401	1
3075	28401	1
1643	17035	1
3075	17035	1
10334	17167	1
15987	17167	1
6579	10334	1
26432	10334	1
22229	10334	1
6579	15987	1
26432	15987	1
22229	15987	1
11196	14764	1
21807	14764	1
11196	6949	1
21807	6949	1
11196	17566	1
21807	17566	1
7012	28736	1
7012	27478	1
2729	11899	1
30157	11899	1
15081	11899	1
1382	11899	1
24255	11899	1
24869	11899	1
6242	101	1
4572	101	1
6242	14882	1
4572	14882	1
6242	18339	1
4572	18339	1
6242	17928	1
4572	17928	1
6242	16829	1
4572	16829	1
10065	101	1
20511	101	1
1571	101	1
17161	101	1
7670	101	1
18442	101	1
17410	101	1
7158	101	1
10065	14882	1
20511	14882	1
1571	14882	1
17161	14882	1
7670	14882	1
18442	14882	1
17410	14882	1
7158	14882	1
10065	18339	1
20511	18339	1
1571	18339	1
17161	18339	1
7670	18339	1
18442	18339	1
17410	18339	1
7158	18339	1
10065	17928	1
20511	17928	1
1571	17928	1
17161	17928	1
7670	17928	1
18442	17928	1
17410	17928	1
7158	17928	1
10065	16829	1
20511	16829	1
1571	16829	1
17161	16829	1
7670	16829	1
18442	16829	1
17410	16829	1
7158	16829	1
101	6949	1
14882	6949	1
18339	6949	1
17928	6949	1
16829	6949	1
101	17566	1
14882	17566	1
18339	17566	1
17928	17566	1
16829	17566	1
27148	101	1
5586	101	1
22004	101	1
2790	101	1
17287	101	1
27148	18339	1
5586	18339	1
22004	18339	1
2790	18339	1
17287	18339	1
27148	17928	1
5586	17928	1
22004	17928	1
2790	17928	1
17287	17928	1
27148	16829	1
5586	16829	1
22004	16829	1
2790	16829	1
17287	16829	1
14438	16169	1
4364	16169	1
14438	24726	1
4364	24726	1
14438	10505	1
4364	10505	1
14438	27650	1
4364	27650	1
14438	23882	1
4364	23882	1
9658	25802	1
9658	24906	1
9658	29985	1
23561	3967	1
26475	3967	1
7728	3967	1
14632	3967	1
6369	3967	1
14337	3967	1
8030	3967	1
8150	23561	1
8150	26475	1
8150	7728	1
8150	14632	1
8150	6369	1
8150	14337	1
8150	8030	1
26475	18188	1
7728	18188	1
14632	18188	1
6369	18188	1
14337	18188	1
8030	18188	1
26475	10704	1
7728	10704	1
14632	10704	1
6369	10704	1
14337	10704	1
8030	10704	1
26475	6211	1
7728	6211	1
14632	6211	1
6369	6211	1
14337	6211	1
8030	6211	1
16345	5639	1
16345	20619	1
16345	7822	1
16345	3621	1
20182	16345	1
28727	16345	1
10274	16345	1
8116	16345	1
26218	16345	1
16345	19485	1
16345	13998	1
16345	21633	1
16345	4013	1
16345	24527	1
8478	25802	1
8478	24906	1
8478	29985	1
28981	26945	1
28981	8699	1
28981	5102	1
28981	5255	1
28981	25745	1
28981	7823	1
28981	2486	1
28981	13804	1
28981	14587	1
25745	24757	1
7823	24757	1
2486	24757	1
13804	24757	1
14587	24757	1
26261	25745	1
26261	7823	1
26261	2486	1
26261	13804	1
26261	14587	1
25745	22574	1
7823	22574	1
2486	22574	1
13804	22574	1
14587	22574	1
12273	25745	1
15750	25745	1
12273	7823	1
15750	7823	1
12273	2486	1
15750	2486	1
12273	13804	1
15750	13804	1
12273	14587	1
15750	14587	1
13991	25745	1
17521	25745	1
22333	25745	1
13991	7823	1
17521	7823	1
22333	7823	1
13991	2486	1
17521	2486	1
22333	2486	1
13991	13804	1
17521	13804	1
22333	13804	1
13991	14587	1
17521	14587	1
22333	14587	1
25745	15693	1
7823	15693	1
2486	15693	1
13804	15693	1
14587	15693	1
25745	5260	1
7823	5260	1
2486	5260	1
13804	5260	1
14587	5260	1
25745	17189	1
7823	17189	1
2486	17189	1
13804	17189	1
14587	17189	1
25745	25889	1
7823	25889	1
2486	25889	1
13804	25889	1
14587	25889	1
25745	2391	1
7823	2391	1
2486	2391	1
13804	2391	1
14587	2391	1
25745	27714	1
7823	27714	1
2486	27714	1
13804	27714	1
14587	27714	1
6579	25745	1
26432	25745	1
22229	25745	1
6579	7823	1
26432	7823	1
22229	7823	1
6579	2486	1
26432	2486	1
22229	2486	1
6579	13804	1
26432	13804	1
22229	13804	1
6579	14587	1
26432	14587	1
22229	14587	1
6242	16154	1
4572	16154	1
6242	8182	1
4572	8182	1
6242	11742	1
4572	11742	1
6242	25929	1
4572	25929	1
6242	3096	1
4572	3096	1
6242	15946	1
4572	15946	1
24726	16169	1
10505	16169	1
27650	16169	1
23882	16169	1
3376	22058	1
1868	22058	1
5503	22058	1
3376	23665	1
1868	23665	1
5503	23665	1
26686	22058	1
10864	22058	1
2705	22058	1
26686	23665	1
10864	23665	1
2705	23665	1
23586	3967	1
10143	17947	1
26723	10065	1
21637	10065	1
20054	10065	1
21683	10065	1
22589	10065	1
7391	10065	1
30137	10065	1
26723	20511	1
21637	20511	1
20054	20511	1
21683	20511	1
22589	20511	1
7391	20511	1
30137	20511	1
26723	1571	1
21637	1571	1
20054	1571	1
21683	1571	1
22589	1571	1
7391	1571	1
30137	1571	1
26723	17161	1
21637	17161	1
20054	17161	1
21683	17161	1
22589	17161	1
7391	17161	1
30137	17161	1
26723	7670	1
21637	7670	1
20054	7670	1
21683	7670	1
22589	7670	1
7391	7670	1
30137	7670	1
26723	18442	1
21637	18442	1
20054	18442	1
21683	18442	1
22589	18442	1
7391	18442	1
30137	18442	1
26723	17410	1
21637	17410	1
20054	17410	1
21683	17410	1
22589	17410	1
7391	17410	1
30137	17410	1
26723	7158	1
21637	7158	1
20054	7158	1
21683	7158	1
22589	7158	1
7391	7158	1
30137	7158	1
8252	26723	1
23932	26723	1
8252	21637	1
23932	21637	1
8252	20054	1
23932	20054	1
8252	21683	1
23932	21683	1
8252	22589	1
23932	22589	1
8252	7391	1
23932	7391	1
8252	30137	1
23932	30137	1
26723	5133	1
21637	5133	1
20054	5133	1
21683	5133	1
22589	5133	1
7391	5133	1
30137	5133	1
26723	24078	1
21637	24078	1
20054	24078	1
21683	24078	1
22589	24078	1
7391	24078	1
30137	24078	1
26723	13939	1
21637	13939	1
20054	13939	1
21683	13939	1
22589	13939	1
7391	13939	1
30137	13939	1
26723	5475	1
21637	5475	1
20054	5475	1
21683	5475	1
22589	5475	1
7391	5475	1
30137	5475	1
30093	20619	1
774	20619	1
28149	20619	1
30093	7822	1
774	7822	1
28149	7822	1
30093	3621	1
774	3621	1
28149	3621	1
19599	20889	1
28922	20889	1
7671	10468	1
4349	10468	1
148	10468	1
7671	20859	1
4349	20859	1
148	20859	1
7671	20472	1
4349	20472	1
148	20472	1
7671	11043	1
4349	11043	1
148	11043	1
7671	20772	1
4349	20772	1
148	20772	1
9641	26001	1
9641	12382	1
9641	22625	1
9641	25981	1
21850	3967	1
13067	3967	1
20254	3967	1
10388	3967	1
9895	3967	1
3967	29338	1
3967	18911	1
3967	14976	1
4922	3967	1
28231	3967	1
16772	3967	1
26013	3967	1
29204	3967	1
18086	3967	1
22878	3967	1
8252	3967	1
23932	3967	1
5133	3967	1
24078	3967	1
13939	3967	1
18188	3967	1
10704	3967	1
6211	3967	1
5639	20619	1
5639	7822	1
5639	3621	1
5639	19485	1
5639	13998	1
5639	21633	1
5639	4013	1
5639	24527	1
21850	13067	1
21850	20254	1
21850	6949	1
21850	17566	1
5116	26001	1
29414	26001	1
5116	12382	1
29414	12382	1
5116	22625	1
29414	22625	1
5116	25981	1
29414	25981	1
1358	20455	1
28521	20455	1
4270	20455	1
28981	15693	1
28981	5260	1
28981	17189	1
28981	25889	1
28981	2391	1
28981	27714	1
13067	4866	1
20254	4866	1
3376	10065	1
1868	10065	1
5503	10065	1
3376	20511	1
1868	20511	1
5503	20511	1
3376	1571	1
1868	1571	1
5503	1571	1
3376	17161	1
1868	17161	1
5503	17161	1
3376	7670	1
1868	7670	1
5503	7670	1
3376	18442	1
1868	18442	1
5503	18442	1
3376	17410	1
1868	17410	1
5503	17410	1
3376	7158	1
1868	7158	1
5503	7158	1
20455	18188	1
20455	10704	1
20455	6211	1
26686	10388	1
10864	10388	1
2705	10388	1
26686	9895	1
10864	9895	1
2705	9895	1
4922	10388	1
28231	10388	1
4922	9895	1
28231	9895	1
22574	24757	1
27609	24757	1
6579	24757	1
26432	24757	1
22229	24757	1
5133	10065	1
24078	10065	1
13939	10065	1
5133	20511	1
24078	20511	1
13939	20511	1
5133	1571	1
24078	1571	1
13939	1571	1
5133	17161	1
24078	17161	1
13939	17161	1
5133	7670	1
24078	7670	1
13939	7670	1
5133	18442	1
24078	18442	1
13939	18442	1
5133	17410	1
24078	17410	1
13939	17410	1
5133	7158	1
24078	7158	1
13939	7158	1
10065	6949	1
20511	6949	1
1571	6949	1
17161	6949	1
7670	6949	1
18442	6949	1
17410	6949	1
7158	6949	1
10065	17566	1
20511	17566	1
1571	17566	1
17161	17566	1
7670	17566	1
18442	17566	1
17410	17566	1
7158	17566	1
10065	27678	1
20511	27678	1
1571	27678	1
17161	27678	1
7670	27678	1
18442	27678	1
17410	27678	1
7158	27678	1
10065	14212	1
20511	14212	1
1571	14212	1
17161	14212	1
7670	14212	1
18442	14212	1
17410	14212	1
7158	14212	1
10065	2611	1
20511	2611	1
1571	2611	1
17161	2611	1
7670	2611	1
18442	2611	1
17410	2611	1
7158	2611	1
10065	3999	1
20511	3999	1
1571	3999	1
17161	3999	1
7670	3999	1
18442	3999	1
17410	3999	1
7158	3999	1
10065	16154	1
20511	16154	1
1571	16154	1
17161	16154	1
7670	16154	1
18442	16154	1
17410	16154	1
7158	16154	1
10065	8182	1
20511	8182	1
1571	8182	1
17161	8182	1
7670	8182	1
18442	8182	1
17410	8182	1
7158	8182	1
10065	11742	1
20511	11742	1
1571	11742	1
17161	11742	1
7670	11742	1
18442	11742	1
17410	11742	1
7158	11742	1
10065	25929	1
20511	25929	1
1571	25929	1
17161	25929	1
7670	25929	1
18442	25929	1
17410	25929	1
7158	25929	1
10065	3096	1
20511	3096	1
1571	3096	1
17161	3096	1
7670	3096	1
18442	3096	1
17410	3096	1
7158	3096	1
10065	15946	1
20511	15946	1
1571	15946	1
17161	15946	1
7670	15946	1
18442	15946	1
17410	15946	1
7158	15946	1
26261	15693	1
26261	5260	1
26261	17189	1
26261	25889	1
26261	2391	1
26261	27714	1
13991	24144	1
17521	24144	1
22333	24144	1
13991	19976	1
17521	19976	1
22333	19976	1
13991	3936	1
17521	3936	1
22333	3936	1
13991	12363	1
17521	12363	1
22333	12363	1
21737	8150	1
18281	8150	1
16405	8150	1
29305	8150	1
8150	18188	1
8150	10704	1
8150	6211	1
12273	322	1
15750	322	1
12273	3672	1
15750	3672	1
12273	29761	1
15750	29761	1
12273	27510	1
15750	27510	1
6981	9138	1
3596	9138	1
6981	26446	1
3596	26446	1
6981	13843	1
3596	13843	1
6981	8397	1
3596	8397	1
6981	22171	1
3596	22171	1
6981	17058	1
3596	17058	1
8252	26686	1
23932	26686	1
8252	10864	1
23932	10864	1
8252	2705	1
23932	2705	1
26686	5475	1
10864	5475	1
2705	5475	1
20182	20619	1
28727	20619	1
10274	20619	1
8116	20619	1
26218	20619	1
20182	7822	1
28727	7822	1
10274	7822	1
8116	7822	1
26218	7822	1
20182	3621	1
28727	3621	1
10274	3621	1
8116	3621	1
26218	3621	1
20619	19485	1
7822	19485	1
3621	19485	1
20619	13998	1
7822	13998	1
3621	13998	1
20619	21633	1
7822	21633	1
3621	21633	1
20619	4013	1
7822	4013	1
3621	4013	1
20619	24527	1
7822	24527	1
3621	24527	1
6949	29338	1
17566	29338	1
6949	18911	1
17566	18911	1
6949	14976	1
17566	14976	1
16141	4922	1
24595	4922	1
16141	28231	1
24595	28231	1
10468	20411	1
20859	20411	1
20472	20411	1
11043	20411	1
20772	20411	1
10468	10947	1
20859	10947	1
20472	10947	1
11043	10947	1
20772	10947	1
10468	27626	1
20859	27626	1
20472	27626	1
11043	27626	1
20772	27626	1
10468	22737	1
20859	22737	1
20472	22737	1
11043	22737	1
20772	22737	1
20182	19485	1
28727	19485	1
10274	19485	1
8116	19485	1
26218	19485	1
20182	13998	1
28727	13998	1
10274	13998	1
8116	13998	1
26218	13998	1
20182	21633	1
28727	21633	1
10274	21633	1
8116	21633	1
26218	21633	1
20182	4013	1
28727	4013	1
10274	4013	1
8116	4013	1
26218	4013	1
20182	24527	1
28727	24527	1
10274	24527	1
8116	24527	1
26218	24527	1
15693	6949	1
5260	6949	1
17189	6949	1
25889	6949	1
2391	6949	1
27714	6949	1
15693	17566	1
5260	17566	1
17189	17566	1
25889	17566	1
2391	17566	1
27714	17566	1
11899	15229	1
11899	25272	1
11899	9374	1
11899	22640	1
20784	5475	1
8383	5475	1
25212	5475	1
15622	5475	1
5621	5475	1
7063	5475	1
21737	5475	1
18281	5475	1
16405	5475	1
29305	5475	1
16772	6949	1
26013	6949	1
29204	6949	1
18086	6949	1
22878	6949	1
16772	17566	1
26013	17566	1
29204	17566	1
18086	17566	1
22878	17566	1
16772	18188	1
26013	18188	1
29204	18188	1
18086	18188	1
22878	18188	1
16772	10704	1
26013	10704	1
29204	10704	1
18086	10704	1
22878	10704	1
16772	6211	1
26013	6211	1
29204	6211	1
18086	6211	1
22878	6211	1
8252	5133	1
23932	5133	1
8252	24078	1
23932	24078	1
8252	13939	1
23932	13939	1
8252	6949	1
23932	6949	1
8252	17566	1
23932	17566	1
8252	5475	1
23932	5475	1
7290	19688	1
7290	6008	1
12102	27678	1
8537	27678	1
15755	27678	1
16117	27678	1
9393	27678	1
12102	14212	1
8537	14212	1
15755	14212	1
16117	14212	1
9393	14212	1
12102	2611	1
8537	2611	1
15755	2611	1
16117	2611	1
9393	2611	1
12102	3999	1
8537	3999	1
15755	3999	1
16117	3999	1
9393	3999	1
12102	9572	1
8537	9572	1
15755	9572	1
16117	9572	1
9393	9572	1
12102	17308	1
8537	17308	1
15755	17308	1
16117	17308	1
9393	17308	1
12102	9488	1
8537	9488	1
15755	9488	1
16117	9488	1
9393	9488	1
12102	14849	1
8537	14849	1
15755	14849	1
16117	14849	1
9393	14849	1
5133	5475	1
24078	5475	1
13939	5475	1
11899	7298	1
11899	7766	1
11899	26911	1
11899	21454	1
6949	16154	1
17566	16154	1
6949	8182	1
17566	8182	1
6949	11742	1
17566	11742	1
6949	25929	1
17566	25929	1
6949	3096	1
17566	3096	1
6949	15946	1
17566	15946	1
6949	7840	1
17566	7840	1
6949	6034	1
17566	6034	1
6949	1767	1
17566	1767	1
27148	6949	1
5586	6949	1
22004	6949	1
2790	6949	1
17287	6949	1
27148	17566	1
5586	17566	1
22004	17566	1
2790	17566	1
17287	17566	1
18188	6949	1
10704	6949	1
6211	6949	1
18188	17566	1
10704	17566	1
6211	17566	1
17167	1643	1
17167	3075	1
9138	13843	1
26446	13843	1
9138	8397	1
26446	8397	1
9138	22171	1
26446	22171	1
9138	17058	1
26446	17058	1
27148	16154	1
5586	16154	1
22004	16154	1
2790	16154	1
17287	16154	1
27148	8182	1
5586	8182	1
22004	8182	1
2790	8182	1
17287	8182	1
27148	11742	1
5586	11742	1
22004	11742	1
2790	11742	1
17287	11742	1
27148	25929	1
5586	25929	1
22004	25929	1
2790	25929	1
17287	25929	1
27148	3096	1
5586	3096	1
22004	3096	1
2790	3096	1
17287	3096	1
27148	15946	1
5586	15946	1
22004	15946	1
2790	15946	1
17287	15946	1
27148	7840	1
5586	7840	1
22004	7840	1
2790	7840	1
17287	7840	1
27148	6034	1
5586	6034	1
22004	6034	1
2790	6034	1
17287	6034	1
27148	1767	1
5586	1767	1
22004	1767	1
2790	1767	1
17287	1767	1
7840	9572	1
6034	9572	1
1767	9572	1
7840	17308	1
6034	17308	1
1767	17308	1
7840	9488	1
6034	9488	1
1767	9488	1
7840	14849	1
6034	14849	1
1767	14849	1
28736	27478	1
6579	17167	1
26432	17167	1
22229	17167	1
27148	9572	1
5586	9572	1
22004	9572	1
2790	9572	1
17287	9572	1
27148	17308	1
5586	17308	1
22004	17308	1
2790	17308	1
17287	17308	1
27148	9488	1
5586	9488	1
22004	9488	1
2790	9488	1
17287	9488	1
27148	14849	1
5586	14849	1
22004	14849	1
2790	14849	1
17287	14849	1
13687	15063	0
26079	2356	0
13121	16703	0
9882	20102	0
12104	7865	0
26635	12143	0
2033	21113	0
15995	22656	0
8628	393	0
24548	2012	0
14932	3276	0
1882	3372	0
27503	17459	0
28746	10103	0
1173	4006	0
8993	22948	0
26093	161	0
12912	18715	0
6399	23770	0
18688	4050	0
5263	25072	0
12469	28488	0
14804	26133	0
28194	24649	0
21256	26148	0
8723	28072	0
7016	22198	0
23375	10412	0
1695	2540	0
2351	18390	0
24108	27470	0
22870	19162	0
9927	17057	0
9063	13176	0
449	13832	0
15927	23756	0
10379	286	0
3920	29875	0
12624	13996	0
3245	19330	0
4689	21781	0
29899	16696	0
18397	29764	0
24379	28418	0
25233	19576	0
5130	3314	0
16646	237	0
22993	5488	0
10189	24991	0
29419	26466	0
15728	5776	0
12193	25377	0
26346	22871	0
7808	10770	0
14843	19874	0
6589	2241	0
26174	27251	0
10167	19998	0
27487	25426	0
29573	1133	0
12903	21603	0
23582	25201	0
15826	23657	0
11490	13287	0
26709	8405	0
1504	24661	0
23	7509	0
14263	5678	0
11722	9293	0
15369	12991	0
29588	11190	0
10880	27401	0
26479	16659	0
20777	20117	0
2470	26985	0
17452	14649	0
13861	2539	0
6608	23998	0
9433	4167	0
22847	2308	0
5017	16429	0
2466	9657	0
30020	14929	0
21766	13106	0
10897	8566	0
16879	25279	0
10275	10336	0
27271	15197	0
12777	13934	0
22091	16237	0
19143	20888	0
26565	17047	0
21990	7733	0
18854	9525	0
26558	16880	0
7942	4166	0
18550	3098	0
17309	15883	0
29613	28067	0
11774	15772	0
25947	19102	0
27261	8298	0
30116	17041	0
24723	4810	0
19330	9844	0
15082	5764	0
16205	14956	0
4951	52	0
13768	14893	0
23328	13027	0
27609	29175	0
8569	15017	0
5460	6433	0
28554	681	0
5621	17867	0
14969	27818	0
7027	8479	0
16453	15455	0
3090	14425	0
22845	17287	0
17997	7800	0
3509	22621	0
17153	2727	0
14736	13341	0
14459	13506	0
26312	6381	0
17704	24654	0
12693	503	0
13262	10648	0
27373	9653	0
5608	25872	0
24458	12535	0
12309	2674	0
15358	16440	0
10663	14993	0
25107	24999	0
24746	23816	0
23416	20639	0
24697	11355	0
7756	16826	0
10340	10448	0
26369	15291	0
22801	29314	0
9658	11593	0
26560	27506	0
10478	17409	0
23427	23217	0
2976	13002	0
10957	827	0
7987	7325	0
29781	18460	0
7386	14435	0
17591	15665	0
8612	14818	0
7431	9310	0
671	26699	0
11085	8747	0
122	17239	0
9704	10979	0
6389	17944	0
6141	17741	0
18779	3902	0
16225	10661	0
22025	24803	0
23681	28413	0
6814	27843	0
29216	150	0
15166	17633	0
29481	2708	0
1987	23589	0
12926	19454	0
20806	21845	0
27019	1490	0
7624	25825	0
6011	21123	0
7640	25529	0
388	6394	0
16664	27760	0
5272	28761	0
27753	14333	0
20263	4822	0
22391	12499	0
27071	6360	0
20336	28238	0
13810	22884	0
4397	26276	0
26733	8281	0
6634	9821	0
2600	15961	0
28167	29246	0
29540	4865	0
7301	1219	0
10824	23293	0
11133	13002	0
5647	8964	0
14427	1944	0
6691	14699	0
20504	3631	0
17096	18842	0
18891	12045	0
10595	7995	0
1439	781	0
1332	3752	0
14138	10387	0
9553	14049	0
12016	5358	0
12888	10057	0
11884	20962	0
26403	7635	0
24709	1750	0
24224	29261	0
27062	6044	0
19481	15855	0
8600	17974	0
15631	5277	0
19755	18074	0
19340	22749	0
5767	29095	0
6945	14636	0
1783	25360	0
14002	319	0
14525	2188	0
15770	6210	0
21810	21315	0
15522	15816	0
9081	8454	0
14253	30070	0
19656	27051	0
2051	17831	0
1754	19528	0
29050	5408	0
6170	23525	0
25724	17732	0
22779	15261	0
15128	25202	0
5127	16078	0
91	20456	0
2274	28286	0
16906	13894	0
4852	22637	0
21149	28562	0
14753	12611	0
17729	8542	0
18846	5726	0
23774	15825	0
9129	8713	0
15050	23743	0
14116	20491	0
1346	10824	0
10343	10421	0
12290	38	0
25037	6647	0
6653	16880	0
9095	8202	0
21821	23377	0
10009	7817	0
24557	5005	0
2267	14202	0
25786	10474	0
15725	6847	0
5062	626	0
6931	2765	0
1542	24000	0
5561	13225	0
2006	21969	0
29233	8243	0
28647	26470	0
20999	25174	0
21605	8006	0
23563	21528	0
26778	27900	0
27288	27602	0
16201	5804	0
23855	13080	0
6321	19579	0
9812	20457	0
20978	21008	0
6696	15209	0
4000	5260	0
24160	10793	0
9254	7430	0
12329	15683	0
13972	24491	0
5741	15557	0
22667	9159	0
28838	10133	0
10571	25183	0
21295	9618	0
17914	28325	0
22128	18842	0
25385	16010	0
21434	22569	0
6581	11057	0
26442	30020	0
6199	28443	0
24734	28075	0
29256	22186	0
7052	1159	0
5483	29079	0
18488	27114	0
23701	10165	0
29840	9776	0
26262	2754	0
9920	14492	0
9312	26716	0
11862	3590	0
23298	26991	0
27152	8738	0
9162	24439	0
9845	8234	0
14015	2573	0
17192	4408	0
25072	4087	0
9613	27006	0
9566	12020	0
25038	28464	0
2965	12709	0
27267	680	0
13009	29159	0
11627	5454	0
26923	1242	0
22955	29270	0
23461	10534	0
17980	10499	0
10449	23333	0
18584	8007	0
2881	29382	0
14321	23519	0
15920	24341	0
18251	23751	0
26549	19693	0
18917	4679	0
4723	21771	0
4696	21955	0
27964	2228	0
11088	12101	0
21093	11185	0
1385	27483	0
9141	9829	0
17442	3417	0
15174	30142	0
16611	7781	0
15910	7002	0
14705	13932	0
27947	3198	0
26357	26516	0
19736	2372	0
22596	29927	0
15445	22681	0
13452	3533	0
29571	29821	0
25363	22526	0
123	24014	0
9097	8938	0
12213	14263	0
21688	27630	0
29084	16381	0
24078	2203	0
16539	13418	0
19042	10802	0
1643	27042	0
4666	20730	0
20406	24818	0
22976	25679	0
15768	7531	0
17094	4031	0
9706	10133	0
18015	17287	0
3684	2660	0
11574	13508	0
20851	12539	0
29665	14348	0
5511	9867	0
13346	21807	0
29596	12405	0
2851	1409	0
11237	4117	0
12863	29546	0
9160	21256	0
22119	8697	0
27467	9413	0
3724	15552	0
8242	3894	0
8080	19172	0
21383	21771	0
7077	10352	0
27158	10433	0
4756	5288	0
20280	29263	0
16762	28003	0
22956	26711	0
24279	3037	0
16642	12353	0
9555	12480	0
3108	2345	0
27079	9533	0
17012	13925	0
15754	26483	0
7296	30152	0
25874	25480	0
14717	8968	0
10166	25227	0
560	9466	0
4826	11589	0
23834	26995	0
24342	1326	0
25087	482	0
3667	27186	0
10224	7832	0
18926	2745	0
12625	24279	0
9068	24932	0
352	24153	0
26850	15231	0
28138	23470	0
20237	23909	0
17524	26210	0
4144	9377	0
29442	5961	0
1833	15223	0
7906	13793	0
29643	29768	0
7501	22480	0
8218	24175	0
14983	20341	0
18141	19048	0
24041	14538	0
24518	14361	0
7561	23500	0
3853	22128	0
11721	15185	0
3538	29337	0
24790	13520	0
5208	7333	0
19316	17330	0
1444	13647	0
7865	16493	0
4703	12090	0
14781	20185	0
11785	28231	0
4935	21151	0
24844	28837	0
29617	23333	0
22376	11774	0
25923	5981	0
3938	17005	0
823	16693	0
15348	21965	0
7766	22016	0
4467	7773	0
28321	7203	0
28814	12227	0
8156	23008	0
22079	4082	0
18161	22308	0
543	28018	0
13105	4116	0
2504	22066	0
24029	22327	0
5746	26987	0
21108	9500	0
26279	7378	0
19852	17536	0
14706	11463	0
29025	1720	0
2163	12018	0
10553	5853	0
10176	2182	0
19841	12767	0
8299	11609	0
24234	14271	0
6807	23095	0
3106	12995	0
11654	23197	0
12970	16505	0
1421	26724	0
29794	6390	0
10875	27971	0
11485	28650	0
14215	23897	0
3301	6335	0
19290	18733	0
11061	21476	0
24126	9720	0
606	19686	0
21352	6161	0
2320	26113	0
3994	2633	0
12330	769	0
21688	23057	0
9656	22390	0
20207	11396	0
4536	18006	0
12088	23480	0
12119	19832	0
7761	636	0
17124	2915	0
14706	11852	0
11145	14980	0
9630	1616	0
19594	1833	0
18902	11746	0
26641	19224	0
25538	5897	0
13225	28929	0
10260	23658	0
8442	17688	0
1474	9283	0
6414	28977	0
1985	17835	0
29738	30043	0
13224	5481	0
18305	28964	0
13969	18226	0
23699	20468	0
8494	26335	0
19079	20400	0
29978	2376	0
21074	12743	0
26462	2781	0
29172	4119	0
8555	26592	0
4569	18879	0
28951	2023	0
24709	15314	0
18366	18266	0
22315	28799	0
17318	5524	0
3854	22025	0
2536	2407	0
15195	28092	0
19894	12432	0
6912	1145	0
16490	22546	0
8812	28580	0
22339	18861	0
3169	10277	0
12031	12663	0
15147	26872	0
22174	10151	0
26503	25515	0
22847	27066	0
19957	14513	0
13981	5468	0
15255	6440	0
25554	15934	0
14023	27141	0
18860	12447	0
14766	2098	0
25988	18191	0
23788	8718	0
11999	21850	0
12169	22981	0
13908	17131	0
3196	21154	0
25873	10322	0
5246	4032	0
4737	2294	0
2898	3730	0
28284	5194	0
20541	29442	0
4134	4790	0
21279	9335	0
12862	30160	0
27665	27509	0
24973	27876	0
2399	14634	0
20521	1503	0
17125	3911	0
2036	9428	0
14208	8956	0
18735	3250	0
8379	13050	0
3222	19204	0
5183	15966	0
25356	2048	0
2749	15394	0
19690	13409	0
4071	25512	0
14080	23213	0
7719	27956	0
15202	18120	0
3021	9542	0
4497	3300	0
21932	9500	0
5473	7364	0
25179	16321	0
29072	23209	0
16007	1233	0
895	19572	0
25704	29136	0
29999	22053	0
7711	26349	0
24594	14286	0
3540	23209	0
17316	2608	0
26849	8562	0
5031	14029	0
22698	14079	0
10772	2088	0
22743	13747	0
21756	12045	0
14709	5652	0
30007	18452	0
18619	5009	0
13013	23996	0
30126	19293	0
12131	24606	0
3577	1560	0
4835	28093	0
27529	14213	0
8469	25285	0
29404	24606	0
12783	20366	0
11542	3600	0
14725	5641	0
1348	16091	0
26723	12293	0
17606	23520	0
15986	26384	0
10790	21320	0
6892	20593	0
1811	16040	0
29220	17354	0
6552	14153	0
24974	634	0
14391	4549	0
12964	19804	0
11651	18760	0
27322	2568	0
29747	4877	0
27030	19100	0
2141	15355	0
1291	1144	0
24699	15747	0
1791	9035	0
5654	19359	0
28001	8476	0
270	2514	0
12558	17528	0
11506	23143	0
28618	24036	0
26514	10115	0
5971	22977	0
24615	11386	0
25330	24281	0
14911	9771	0
16326	27035	0
28695	6705	0
23184	5569	0
6591	10049	0
10551	19794	0
29063	5790	0
505	24950	0
9077	25377	0
9152	17629	0
28199	6166	0
5219	16204	0
24785	1946	0
20046	13841	0
22615	15606	0
19082	13842	0
20660	7516	0
6388	5280	0
11878	25549	0
4894	3631	0
3182	6	0
15297	16739	0
18598	25325	0
14086	20868	0
24565	1685	0
19392	26486	0
18683	4731	0
23960	8887	0
26770	17259	0
15257	21078	0
15218	13236	0
23535	7006	0
31	4064	0
13190	9282	0
6094	704	0
27246	23974	0
1729	29162	0
28574	24674	0
21598	26731	0
5680	28458	0
2250	22612	0
27819	10475	0
29328	29632	0
10510	21496	0
7687	17196	0
6330	14495	0
28571	13278	0
1449	20609	0
6102	16916	0
11421	25404	0
8473	5380	0
18005	616	0
19533	6477	0
29641	27856	0
29462	26589	0
24727	14124	0
22301	25651	0
2500	20255	0
22840	24079	0
2100	13598	0
5972	21017	0
12105	9751	0
23075	20355	0
16139	1442	0
28637	3958	0
8554	15997	0
11113	7604	0
24097	15559	0
7162	4474	0
29116	5751	0
10086	6619	0
21538	11723	0
1793	29240	0
6721	12464	0
8499	12344	0
19340	6552	0
13084	22890	0
4440	19835	0
29464	6407	0
11335	17504	0
12150	22155	0
1327	29777	0
15668	8693	0
14007	5846	0
12873	16498	0
21691	1707	0
21384	22592	0
22953	19765	0
26493	24867	0
22709	8828	0
9593	23490	0
8015	11686	0
14809	27453	0
23016	11245	0
29803	16202	0
6711	11737	0
12501	23230	0
22054	26090	0
30068	6885	0
8062	672	0
1475	12919	0
25229	1277	0
1806	2368	0
433	3886	0
1696	29952	0
9507	2390	0
22090	640	0
9337	5558	0
20671	16831	0
2804	5370	0
10186	10772	0
15835	2766	0
26313	17926	0
6422	3402	0
1260	11892	0
28555	27134	0
6645	7519	0
23471	514	0
3301	1091	0
13024	340	0
5195	28389	0
9820	874	0
14439	19485	0
20210	1107	0
22653	30091	0
28880	23887	0
13853	7933	0
9734	19287	0
18621	24892	0
893	8363	0
7415	17327	0
28854	16556	0
2830	16020	0
23349	9232	0
3788	23081	0
13562	26254	0
19988	855	0
2065	26887	0
2486	17010	0
17898	29875	0
6037	25653	0
29073	438	0
19713	17635	0
10662	14369	0
17794	20558	0
17260	26163	0
16885	15346	0
22794	12317	0
28823	21039	0
631	20127	0
16546	28845	0
17254	24748	0
555	10607	0
19540	24552	0
23993	11404	0
10820	24643	0
29741	8192	0
13835	6286	0
12957	29785	0
1278	423	0
28157	10362	0
10243	27101	0
17361	3318	0
17981	17874	0
10271	16044	0
2112	21372	0
20986	11094	0
9644	10436	0
10473	13273	0
5907	26388	0
18058	22926	0
28949	22599	0
6260	26802	0
20065	26001	0
1203	12238	0
15792	18783	0
29320	4924	0
11736	17246	0
11652	21735	0
12378	14199	0
14436	8139	0
4350	23986	0
21407	28425	0
20698	2417	0
27004	12134	0
19070	3092	0
16816	19001	0
4878	20022	0
17585	12122	0
7240	18375	0
685	12162	0
29616	28232	0
27360	26810	0
19086	11323	0
22616	24586	0
13544	25518	0
17903	7263	0
25420	6321	0
26959	801	0
5307	13966	0
17322	21693	0
29601	21503	0
6638	815	0
11796	21443	0
23317	28082	0
15476	11219	0
10953	7358	0
11936	27771	0
4497	22297	0
5607	13426	0
27038	21483	0
30001	29670	0
3968	14884	0
24959	7391	0
6932	13188	0
8541	29880	0
19440	20616	0
19741	6793	0
603	24368	0
3604	11191	0
24722	22173	0
9669	8934	0
20084	24425	0
29248	4802	0
18857	4674	0
23760	17907	0
6889	22372	0
15125	8305	0
1510	15980	0
17919	15156	0
18578	11010	0
22447	20681	0
3764	30060	0
3540	12427	0
12847	11978	0
938	22213	0
3899	10650	0
6822	1679	0
25177	9927	0
17352	19121	0
30158	29404	0
22219	24910	0
24453	16231	0
20369	8678	0
29505	29393	0
18164	30114	0
6218	14455	0
16531	14413	0
6028	20233	0
20431	10079	0
496	8531	0
13992	10536	0
961	19379	0
18643	16424	0
8981	18651	0
30046	12277	0
7694	9810	0
19250	1498	0
14677	4875	0
7123	18372	0
5843	19236	0
3698	29036	0
19814	13589	0
21096	4284	0
23875	24661	0
26836	9540	0
7731	22903	0
5485	10547	0
15603	18765	0
8866	23284	0
2134	19967	0
21289	11103	0
22919	14037	0
15993	5252	0
11550	4988	0
150	25573	0
12073	23318	0
22438	1965	0
4677	11222	0
5692	6871	0
22524	1691	0
24663	23863	0
16789	29454	0
10985	29449	0
25615	15057	0
29593	21094	0
3645	20763	0
24538	27751	0
14770	1521	0
4561	17495	0
7275	10918	0
27489	10894	0
19738	17486	0
11672	7347	0
385	11246	0
14544	11839	0
7054	27003	0
9322	29917	0
10239	23857	0
10262	845	0
18345	213	0
13156	5673	0
28285	7548	0
13294	23975	0
11752	25807	0
28955	24605	0
16799	28060	0
17068	14664	0
6665	2711	0
8911	16773	0
24695	18906	0
12427	10082	0
19828	773	0
15242	16020	0
17442	1873	0
28318	7617	0
17705	10071	0
15067	8704	0
28781	28130	0
5269	20000	0
12285	9180	0
3498	22331	0
11287	12702	0
21132	7895	0
23989	18065	0
10687	22476	0
7292	20227	0
11720	20772	0
19427	11193	0
9533	17128	0
9527	7458	0
9564	24435	0
261	28702	0
5857	10894	0
22104	12230	0
29696	6722	0
23663	12154	0
4486	12978	0
6955	3831	0
11905	4896	0
21730	28398	0
3368	15201	0
12195	17899	0
4543	28939	0
22607	1368	0
26953	22305	0
5222	18837	0
18582	6492	0
22041	327	0
16361	29475	0
19674	25159	0
16638	24042	0
27177	12558	0
6861	18668	0
6635	23723	0
16097	1202	0
25507	4779	0
22790	23844	0
2818	24346	0
9237	8374	0
7159	6450	0
18924	1495	0
14455	1678	0
15433	28694	0
12045	11523	0
27580	4497	0
23862	16373	0
366	6664	0
23635	26260	0
878	12832	0
13300	26012	0
3291	3188	0
2695	27733	0
5686	4189	0
9885	5429	0
16423	5215	0
3533	25884	0
24449	4075	0
8188	22200	0
13783	19032	0
6773	8937	0
25221	11169	0
20104	28941	0
16635	21237	0
27204	26933	0
27013	20125	0
29210	25525	0
21192	15233	0
20467	25297	0
3237	22846	0
27719	9904	0
29229	7819	0
21068	6908	0
27994	6511	0
29035	5824	0
979	12060	0
23235	2055	0
3518	8194	0
28115	24598	0
11436	29358	0
5539	2680	0
22616	23208	0
27214	20713	0
26196	27842	0
15924	8191	0
25371	5979	0
28146	5886	0
22930	29133	0
14871	4760	0
17692	22861	0
25806	3865	0
29723	23086	0
8051	24192	0
29799	10873	0
513	3234	0
20402	11603	0
8584	27711	0
27658	941	0
1128	24815	0
17849	6379	0
27572	22793	0
23672	10107	0
17206	15466	0
26225	26145	0
16216	22502	0
7319	6128	0
1687	23366	0
27678	10665	0
20260	188	0
29868	12828	0
23558	14400	0
17156	22107	0
17271	23414	0
21701	18164	0
4441	14824	0
12539	18138	0
980	19199	0
15872	2607	0
22922	27834	0
778	8286	0
26168	2422	0
2667	28672	0
1997	30040	0
25589	22177	0
4718	14539	0
19590	9750	0
16094	11329	0
3589	17099	0
19547	3342	0
20004	5162	0
24159	19676	0
26275	18225	0
16808	14913	0
5368	6844	0
25886	22957	0
18991	2353	0
16420	15787	0
535	6164	0
22628	2848	0
24988	17453	0
9063	3324	0
16563	7755	0
4892	16543	0
12857	25257	0
15977	6232	0
5198	23990	0
26281	5842	0
20309	21262	0
27680	6216	0
17311	14422	0
9444	4742	0
20109	984	0
21425	10861	0
22995	26553	0
24057	23869	0
15187	27655	0
23594	19757	0
10152	4713	0
24981	22171	0
2206	17876	0
27009	23579	0
6036	21043	0
10513	25240	0
8562	2390	0
22057	19799	0
12858	7204	0
13014	17467	0
24862	23546	0
13319	3425	0
10159	10640	0
11085	13006	0
28537	12276	0
7523	8351	0
19440	20611	0
21943	22436	0
28166	28843	0
21498	26071	0
7273	2868	0
7582	5756	0
17743	7889	0
16217	29035	0
25338	23700	0
17308	29205	0
870	15945	0
19117	7673	0
9595	3200	0
14918	1696	0
20639	13673	0
2818	19427	0
11965	23967	0
1676	19206	0
21115	9812	0
18819	26055	0
9998	20913	0
27763	469	0
23177	15651	0
8644	25734	0
4814	24435	0
11203	25128	0
29752	13043	0
13961	21290	0
27658	25230	0
30080	522	0
22234	24277	0
10069	14329	0
5048	28651	0
21573	28534	0
11098	5494	0
8592	3701	0
22062	21646	0
3145	5344	0
14554	4066	0
15886	6108	0
773	6939	0
3635	25618	0
3979	1902	0
9903	20722	0
20941	21405	0
17144	7688	0
6992	6197	0
16424	14082	0
15643	21427	0
5861	22535	0
10353	26277	0
22212	11	0
15829	11696	0
16056	25771	0
23816	19544	0
30032	18538	0
2762	23473	0
9926	13853	0
4789	21224	0
25944	630	0
8363	96	0
21046	3411	0
10515	19852	0
15689	18741	0
2887	15753	0
17438	20977	0
1725	21829	0
15235	28860	0
26095	4149	0
5312	5787	0
74	26796	0
6448	24567	0
18347	8649	0
6410	21324	0
14726	9638	0
16125	28685	0
11951	11284	0
3424	26153	0
3237	5057	0
28565	1922	0
12199	3556	0
7445	18177	0
22178	9733	0
13179	26417	0
11395	18265	0
6996	30138	0
10786	14044	0
687	22604	0
9105	6377	0
133	19750	0
29182	18869	0
16796	11834	0
23881	4516	0
28456	10839	0
14650	2455	0
25178	4433	0
16324	6058	0
4075	6128	0
27048	26118	0
20562	26430	0
3781	17600	0
18920	21891	0
9249	29435	0
1657	17041	0
20385	28905	0
5548	22650	0
24883	26948	0
27930	3559	0
10658	26438	0
24743	6792	0
6037	22041	0
6283	5380	0
24830	6862	0
1430	27693	0
14254	29669	0
7308	17068	0
7161	18262	0
25424	18052	0
14009	8845	0
10269	21291	0
26696	3534	0
15475	22687	0
9960	7231	0
16756	3099	0
27130	9152	0
26548	26067	0
21686	20342	0
14886	10242	0
7511	26709	0
15337	13449	0
4588	26261	0
26935	1536	0
24334	8445	0
10140	13013	0
7812	2473	0
7269	17209	0
16041	12300	0
3324	14794	0
21209	20216	0
17842	25513	0
18717	24662	0
28082	12891	0
17502	21164	0
15294	4464	0
6520	5047	0
3766	8108	0
23307	17580	0
1832	26776	0
14742	28053	0
18944	19152	0
27709	5412	0
27458	11357	0
18315	6343	0
3063	16977	0
26198	15416	0
5763	5000	0
20651	20229	0
7429	23204	0
6871	12970	0
18481	29433	0
1127	23431	0
29694	6921	0
25356	3062	0
28836	11829	0
13903	4274	0
29641	15094	0
14765	23110	0
21897	26041	0
12977	10830	0
10484	29803	0
11603	10358	0
18625	12190	0
28702	10721	0
16419	12228	0
10081	17244	0
27076	5851	0
8763	11640	0
26312	28087	0
5999	16793	0
24712	11389	0
19700	24034	0
1205	28218	0
13361	2621	0
14503	13647	0
9361	15130	0
4697	4918	0
27003	21079	0
28260	20921	0
23424	13196	0
7093	23485	0
6307	9462	0
16432	28668	0
1428	26791	0
9003	13307	0
3820	5972	0
24106	21829	0
8326	430	0
24231	23375	0
6890	2612	0
12548	25043	0
14469	29178	0
22830	19805	0
13554	17775	0
19707	11313	0
28969	26409	0
15808	26426	0
29774	25763	0
21641	16171	0
29082	6559	0
22457	21597	0
25109	4300	0
14529	12927	0
12595	17718	0
22590	3396	0
29441	26670	0
13009	18997	0
10122	12846	0
785	4570	0
14744	9399	0
18741	27606	0
19431	25843	0
18085	24325	0
24901	180	0
5167	16921	0
9464	8403	0
14611	2099	0
22401	4785	0
4882	5741	0
27305	5571	0
20884	7282	0
22252	12505	0
1120	27528	0
13284	5871	0
17095	13139	0
14151	15636	0
23324	27331	0
12054	19932	0
19071	26225	0
24036	27742	0
24119	19151	0
8809	16819	0
12573	20111	0
23671	15596	0
19646	25269	0
21657	2145	0
19516	11913	0
639	22837	0
3632	18553	0
5838	28350	0
3314	7627	0
19558	20070	0
262	13898	0
8549	13227	0
12946	22485	0
16252	27578	0
17022	20408	0
28482	17692	0
28101	7331	0
26436	13385	0
10582	27660	0
1983	24937	0
25497	608	0
20419	14609	0
15145	4072	0
14079	21177	0
27031	9129	0
4393	29623	0
5780	22150	0
18983	25036	0
13253	3741	0
10414	3868	0
6272	1318	0
10182	5233	0
5309	25234	0
2623	19913	0
3922	12970	0
351	25095	0
24811	411	0
27650	14039	0
5104	9425	0
6311	19543	0
2101	13286	0
27467	21272	0
4325	5396	0
5673	9183	0
23027	25080	0
20172	12647	0
21844	2691	0
8408	23687	0
5543	29970	0
16398	23726	0
23636	13220	0
25954	1862	0
1248	14049	0
1132	5239	0
19934	7952	0
21228	169	0
1146	19925	0
22261	23160	0
21775	3198	0
23131	20776	0
21534	11077	0
187	1338	0
11846	16241	0
1263	24831	0
3178	22318	0
10650	3177	0
20230	9929	0
18192	11506	0
8667	262	0
613	14516	0
24899	28868	0
29871	15250	0
6541	10251	0
27492	14995	0
9751	21019	0
27056	15914	0
7665	26233	0
1878	11408	0
7637	28523	0
24309	21026	0
3168	17582	0
26630	21722	0
15556	8495	0
4493	22103	0
11759	22745	0
4304	7837	0
16927	23049	0
21083	21492	0
16796	11609	0
16747	6564	0
7799	6752	0
16477	19909	0
17933	9891	0
12461	29257	0
18934	2719	0
17152	12031	0
28767	14802	0
19483	18405	0
14614	9995	0
20588	5148	0
6218	5666	0
17130	29470	0
19617	14427	0
14447	4568	0
7192	16570	0
28144	26428	0
8817	10609	0
4931	5377	0
10976	13099	0
15915	25142	0
4568	19572	0
16646	27616	0
27451	15870	0
25816	26480	0
13270	21394	0
7689	7310	0
28837	5324	0
13643	14940	0
11983	13756	0
18642	28533	0
3122	12450	0
19334	30072	0
16227	28152	0
23658	6869	0
16472	19363	0
1658	25290	0
24496	17096	0
29874	14202	0
14315	7047	0
15690	16096	0
15281	18245	0
6416	1012	0
580	21827	0
29310	3254	0
14317	5193	0
18293	15315	0
20735	9411	0
10725	13928	0
6202	16650	0
8897	23676	0
17212	2250	0
11177	14728	0
6373	20950	0
10127	23774	0
28563	27534	0
22254	14369	0
27768	26545	0
26215	20053	0
2828	928	0
7536	21119	0
26615	12183	0
24795	26200	0
12574	8287	0
16450	17330	0
11878	30168	0
24138	11441	0
19612	339	0
193	6459	0
17554	11518	0
23274	835	0
1857	7367	0
1845	6257	0
21400	24712	0
21532	3222	0
22282	16274	0
14757	14394	0
13273	9293	0
26439	17412	0
20078	13594	0
22425	25243	0
18432	7208	0
7047	11178	0
4397	1881	0
3757	9106	0
27701	6437	0
17138	20576	0
10797	9171	0
6226	25472	0
8713	20724	0
17768	28254	0
23526	20235	0
26039	10330	0
9053	24725	0
16116	20851	0
25291	21134	0
22841	27210	0
9760	896	0
26341	8645	0
24753	10567	0
16687	9607	0
17616	253	0
4740	504	0
9971	24819	0
25816	17740	0
24359	20498	0
18156	28844	0
11350	2296	0
7456	377	0
20793	1551	0
23669	30094	0
5207	22388	0
14778	29488	0
15453	9095	0
10253	13717	0
17167	1028	0
27049	28808	0
2959	11587	0
15897	21342	0
22157	2507	0
25479	28749	0
25376	21768	0
19264	29522	0
25859	18108	0
10506	29748	0
18650	21553	0
22343	17066	0
25722	4397	0
351	26160	0
21000	8805	0
23670	26629	0
8376	7051	0
26417	23225	0
24708	8554	0
21339	13209	0
22791	2887	0
10003	29846	0
5184	14797	0
2469	6367	0
5028	28057	0
1255	10147	0
4395	23875	0
20810	20602	0
29815	12900	0
27299	9899	0
26734	1451	0
27451	19761	0
5631	4621	0
9210	19285	0
18209	17355	0
7673	10895	0
26820	25677	0
23050	9045	0
16126	20515	0
18658	5937	0
8861	5478	0
7049	6698	0
4238	25848	0
9834	22459	0
3848	29394	0
22705	13904	0
13902	25001	0
7189	24064	0
25454	1278	0
24698	29626	0
24950	1407	0
8143	3750	0
8265	14175	0
19316	25135	0
3847	18315	0
3615	20962	0
9226	12250	0
10685	24752	0
11911	18834	0
4142	23446	0
27800	19312	0
17963	24267	0
13436	2443	0
7063	11572	0
16790	5293	0
450	27803	0
15313	22089	0
13410	25111	0
12118	22217	0
7835	19328	0
25852	19974	0
2296	27127	0
21360	8354	0
23351	19479	0
10482	12659	0
10047	13034	0
71	4955	0
24071	5874	0
6684	17410	0
1786	9626	0
18819	17763	0
2681	1273	0
17504	20802	0
20710	8288	0
23596	22823	0
16040	24533	0
82	165	0
10924	11419	0
3074	2201	0
11343	8980	0
16558	436	0
10489	28	0
5466	5723	0
9156	1628	0
26013	23144	0
19058	27662	0
10820	18604	0
13663	9788	0
12373	20389	0
20955	936	0
23937	14765	0
18228	20321	0
18794	10202	0
7711	9996	0
24250	10884	0
29840	3903	0
9790	21245	0
2793	28683	0
16238	2246	0
2686	10319	0
4028	28871	0
2332	29052	0
18585	28486	0
20376	25804	0
19011	23986	0
6744	19486	0
29341	17116	0
5686	13278	0
10028	1706	0
4859	24378	0
20567	22556	0
25712	828	0
19647	21621	0
14797	14481	0
143	24010	0
7320	28878	0
13606	25423	0
9956	5266	0
26903	21729	0
13876	27678	0
16264	8802	0
8612	9426	0
193	16177	0
8619	29890	0
19161	7242	0
15001	25492	0
10212	9243	0
9916	22050	0
29987	4323	0
11820	14247	0
12521	29114	0
10881	15044	0
13632	10662	0
25264	29657	0
17844	23085	0
11128	24545	0
20251	23745	0
607	1445	0
19306	11399	0
22697	22651	0
5751	12315	0
4284	5191	0
10034	9716	0
7379	301	0
9476	29732	0
21170	23179	0
26191	19909	0
19855	2984	0
24078	19569	0
7121	10856	0
14162	3459	0
20560	25424	0
19134	5016	0
6255	19023	0
5085	24875	0
13127	1021	0
17858	11328	0
13271	9457	0
9578	10578	0
4771	26656	0
16997	3811	0
17524	26104	0
24296	16330	0
19336	26161	0
10460	10525	0
21824	12219	0
24826	28496	0
26991	12619	0
12493	7335	0
14872	5245	0
1058	8736	0
11711	3634	0
1980	5615	0
10487	23195	0
26087	9169	0
20123	7672	0
17436	10424	0
24154	19584	0
27707	20168	0
18012	11028	0
3854	19114	0
5330	9286	0
6877	12579	0
6390	19733	0
11297	26852	0
15672	28796	0
10976	25182	0
11016	15076	0
30130	12964	0
18101	3254	0
8749	18895	0
29353	18694	0
10742	21360	0
8618	16210	0
27384	9610	0
25083	16453	0
10077	28018	0
3630	28640	0
27936	6116	0
25628	6249	0
2102	28679	0
6734	6669	0
18688	23895	0
2030	15640	0
4306	28690	0
24661	1940	0
12837	14819	0
27668	10397	0
1166	26188	0
13996	18503	0
4256	12017	0
551	14235	0
24769	29558	0
26418	10516	0
11767	13561	0
4772	10940	0
11635	27838	0
21872	4849	0
14388	19352	0
15136	25815	0
13989	5544	0
2744	26808	0
9288	5003	0
3149	11168	0
3199	13180	0
23861	5544	0
11397	13134	0
12482	24085	0
19089	20400	0
24996	19316	0
15780	2810	0
4248	6855	0
13476	19725	0
9789	17101	0
25176	26412	0
6722	19806	0
11385	101	0
5059	22004	0
23599	16555	0
11346	17133	0
16638	15256	0
2996	26311	0
21356	26433	0
26731	6741	0
20258	28906	0
21925	11149	0
20110	13017	0
982	3662	0
5725	13133	0
19275	22632	0
19049	25231	0
4676	9446	0
25494	23722	0
23478	1053	0
18170	20369	0
7893	10138	0
30083	2126	0
2999	13291	0
8390	5964	0
13581	7736	0
15329	13714	0
22271	164	0
7112	13649	0
5556	23429	0
3958	28834	0
5999	6779	0
21919	7542	0
28155	6036	0
22258	9876	0
15140	3097	0
4733	8535	0
17703	20984	0
27693	22765	0
30093	20877	0
18502	5613	0
26567	29287	0
25148	9820	0
6396	27812	0
6549	18785	0
19143	23719	0
14554	29989	0
11021	8125	0
948	1181	0
25472	15422	0
19450	24061	0
1083	21053	0
20032	22606	0
17387	6411	0
10444	15057	0
18289	2020	0
11763	23765	0
13738	4029	0
21653	9056	0
18822	15777	0
26951	16300	0
5033	10632	0
6884	15139	0
7771	18206	0
27839	4299	0
21410	18397	0
5805	27632	0
9136	9186	0
29927	12492	0
1912	2420	0
20667	9005	0
20453	4513	0
10230	21398	0
22836	18952	0
10386	16711	0
25141	3622	0
24393	19493	0
14748	10091	0
9867	13638	0
29566	28143	0
24527	1278	0
22500	23945	0
22949	17782	0
6015	14203	0
17754	18710	0
6252	13795	0
7289	5286	0
8141	22444	0
30128	11635	0
18326	13103	0
6985	3889	0
6358	12125	0
2277	4865	0
8077	15624	0
10744	6714	0
13530	6860	0
25050	6520	0
14637	22723	0
2217	25675	0
8620	25673	0
21603	9187	0
20472	24949	0
29383	9892	0
18212	23910	0
8084	28597	0
4637	7605	0
24614	5195	0
16336	27566	0
1776	19625	0
5598	10454	0
15207	18612	0
17991	3095	0
7945	11821	0
19432	9311	0
19237	22673	0
29144	2097	0
10478	19818	0
18309	18914	0
24076	19506	0
25250	8678	0
12334	9787	0
27968	24031	0
21319	5033	0
14050	20962	0
19807	25210	0
14387	21987	0
11740	9292	0
10084	29533	0
13803	7591	0
7168	29511	0
17944	19475	0
14004	14132	0
14826	7552	0
19305	22358	0
8974	13049	0
29185	7879	0
13460	14068	0
15346	9761	0
13942	25748	0
2393	5767	0
2006	16673	0
5747	14049	0
15960	10499	0
17080	23119	0
5793	12382	0
22651	14566	0
18801	4663	0
7319	853	0
22280	14122	0
22317	14292	0
29652	21734	0
4618	2996	0
12043	16155	0
8613	11949	0
3338	21340	0
3156	16977	0
13308	19995	0
22789	24129	0
26367	13708	0
9507	29279	0
17917	2852	0
10394	2724	0
13253	8652	0
12052	12859	0
11963	20930	0
6171	639	0
19079	14373	0
23282	17277	0
22819	9735	0
13857	6076	0
12130	20404	0
26102	2770	0
9068	23448	0
11456	7252	0
2190	14129	0
8490	8205	0
21605	15621	0
1056	28514	0
10543	14807	0
4486	13292	0
27177	14210	0
20774	2963	0
10374	15926	0
1516	6565	0
16790	23122	0
1070	21711	0
103	22293	0
20291	20551	0
4594	2149	0
15621	16065	0
17829	2474	0
23541	27492	0
26875	15117	0
9296	15085	0
26467	2670	0
15630	23395	0
10915	18352	0
23970	15294	0
8657	7387	0
4359	8025	0
12787	4396	0
3309	26859	0
413	13732	0
776	6127	0
24864	23640	0
14240	14860	0
26956	11761	0
18171	17540	0
21235	10756	0
3681	9658	0
5760	6018	0
22901	20284	0
17555	4651	0
2564	13048	0
29232	311	0
3836	1296	0
16281	2025	0
16905	29734	0
11741	3248	0
27866	11480	0
5598	4140	0
14443	6072	0
7396	14832	0
7184	5016	0
10622	28802	0
26860	2662	0
309	30105	0
8732	26561	0
14457	28984	0
27902	881	0
20571	19723	0
6000	26019	0
17450	22894	0
26671	23334	0
2742	8224	0
16921	12002	0
6437	21559	0
21453	29652	0
1472	17963	0
19551	1826	0
16790	1165	0
15499	30093	0
6815	12906	0
20863	8745	0
16960	16767	0
20628	16676	0
24874	8447	0
665	20635	0
7642	5421	0
13221	12279	0
16509	1651	0
28322	11049	0
20956	1510	0
9235	5855	0
26605	24642	0
3985	26271	0
6944	14102	0
26721	24095	0
21926	11479	0
9135	28837	0
10445	29990	0
23467	3284	0
18495	7818	0
20928	26563	0
24860	71	0
20812	12146	0
28118	27567	0
14290	5331	0
6649	17868	0
23950	17849	0
26454	29104	0
10844	836	0
7537	16426	0
13786	27828	0
5179	18729	0
21613	20202	0
2320	21671	0
284	27724	0
16926	23140	0
25629	23165	0
6535	26147	0
29799	20766	0
27536	657	0
12136	9657	0
14350	21792	0
25573	19166	0
28364	25768	0
13565	12655	0
12170	18857	0
17780	8831	0
13338	19337	0
21559	10966	0
14821	27941	0
24449	17275	0
7876	24519	0
29109	29089	0
17978	13993	0
19718	7782	0
29470	10100	0
26686	22269	0
2803	23463	0
7393	16678	0
7901	22974	0
10828	25955	0
8375	9170	0
4388	29352	0
5934	68	0
4601	22804	0
9206	5542	0
22349	28727	0
29806	3348	0
1855	15897	0
8652	22214	0
16293	13173	0
5497	11707	0
30001	27689	0
23101	15615	0
23179	12642	0
9298	6360	0
9059	16740	0
26582	26941	0
23342	27836	0
4876	15317	0
17421	22295	0
22711	7597	0
6234	2476	0
12249	17863	0
3970	26545	0
22642	13396	0
25322	1733	0
24562	26736	0
25323	4573	0
17242	9412	0
18554	21926	0
18321	10975	0
25173	27692	0
12507	11375	0
28851	20300	0
25774	23575	0
29321	26776	0
26390	25755	0
18165	24853	0
22476	25894	0
15339	24119	0
16425	1479	0
11847	6665	0
18010	21880	0
22062	15747	0
22644	3519	0
26810	14734	0
17537	10645	0
11728	10034	0
8094	20748	0
11067	14219	0
25848	4506	0
24366	16612	0
8918	17555	0
17142	18491	0
13685	23841	0
26756	2944	0
11222	7820	0
5814	3539	0
1498	19048	0
1757	5442	0
23240	500	0
26841	23877	0
22957	28071	0
25473	20004	0
8256	21088	0
4919	27507	0
27684	5105	0
7370	29949	0
24868	9910	0
13984	26410	0
27496	5158	0
25561	6608	0
19553	8912	0
21000	6784	0
10802	11990	0
2050	22350	0
5915	20110	0
11886	29421	0
23865	20968	0
16261	13868	0
26508	20704	0
5845	17428	0
19660	18008	0
20618	21213	0
1644	16132	0
3536	8672	0
21327	9149	0
7336	2185	0
23957	14289	0
18520	16717	0
7431	10807	0
10356	16298	0
5346	9195	0
4268	10274	0
15864	1041	0
22131	21193	0
21654	24242	0
13075	21634	0
5677	7013	0
22743	4426	0
12916	22461	0
28926	8690	0
15316	13311	0
27804	23357	0
850	16145	0
26540	12015	0
23542	10574	0
27130	17261	0
14702	973	0
23348	11143	0
19373	216	0
26569	24456	0
9277	4049	0
8139	19765	0
2290	582	0
8221	23258	0
20667	23670	0
9698	21976	0
27648	8340	0
9368	492	0
6366	7795	0
10448	12266	0
10094	22788	0
15994	16660	0
24089	11545	0
6499	3194	0
12688	14297	0
25512	11010	0
8877	24979	0
10690	6441	0
16981	23173	0
10689	1997	0
23305	13006	0
6771	1531	0
22095	14672	0
21588	16815	0
228	20861	0
26054	29371	0
14496	8978	0
29509	396	0
2815	28010	0
16216	6200	0
15618	24392	0
437	25935	0
14403	20429	0
23643	27086	0
952	7309	0
24190	22765	0
8767	28185	0
22788	25825	0
5444	7260	0
20779	19101	0
14477	8792	0
28044	26992	0
4806	11512	0
3793	2719	0
4100	21599	0
30136	17592	0
9134	28820	0
29921	27946	0
13258	11712	0
17321	24613	0
7612	9431	0
20857	26432	0
11020	8471	0
21515	1962	0
16303	8541	0
7956	5148	0
5085	21488	0
27467	6830	0
20002	1990	0
18471	12491	0
1374	11789	0
15308	283	0
23339	19962	0
10885	29987	0
6847	11736	0
12269	25711	0
25139	16265	0
26576	17920	0
10570	8394	0
16301	21377	0
10466	11328	0
12511	5599	0
19688	25524	0
3611	15680	0
5240	24783	0
8517	18176	0
24188	21389	0
8096	9920	0
18536	8824	0
3422	20156	0
11848	22262	0
11626	30000	0
9560	4666	0
28975	28608	0
6299	30059	0
9777	5778	0
29228	8475	0
11505	7873	0
3871	3944	0
23824	3923	0
28503	6402	0
24312	29641	0
6548	27432	0
4569	4170	0
26523	5245	0
21746	20531	0
12293	22960	0
20590	3506	0
5394	28099	0
28229	16820	0
6793	21853	0
25212	7037	0
3873	25790	0
27420	3269	0
7110	4892	0
2802	6697	0
15247	16489	0
11825	10991	0
11864	10487	0
3704	18828	0
16670	21798	0
12868	4384	0
22030	7054	0
3611	15700	0
9278	15320	0
29913	27168	0
13474	6552	0
14703	3884	0
29335	20256	0
12026	6994	0
18092	9880	0
7577	4355	0
13665	16352	0
13474	10499	0
25976	14375	0
22854	25036	0
8097	29118	0
23298	15967	0
10384	12050	0
6001	27897	0
26992	5664	0
16758	7891	0
27351	23091	0
22964	10929	0
12014	3553	0
26636	12235	0
11456	12645	0
9715	20401	0
6606	11996	0
14189	10170	0
7616	8729	0
14426	16626	0
16659	23659	0
20629	22633	0
4453	28581	0
8326	9261	0
1013	7711	0
10943	24651	0
14115	4189	0
14624	25293	0
10225	13539	0
21101	12541	0
18205	9289	0
12177	14853	0
5873	26991	0
16231	12456	0
11804	19882	0
7397	16025	0
2371	29749	0
4401	12627	0
4802	26986	0
8440	5703	0
471	27950	0
42	21489	0
14327	9945	0
5663	20958	0
2097	30050	0
5040	16223	0
13401	24730	0
15637	4409	0
20573	27028	0
18599	2022	0
9580	24100	0
215	27096	0
18698	5492	0
4672	8573	0
12131	21940	0
14757	29777	0
19649	28279	0
25177	21301	0
25540	2735	0
3414	16434	0
19724	9767	0
4782	5808	0
8473	28283	0
2408	1961	0
451	17630	0
10502	22980	0
20374	13690	0
11445	29008	0
27601	25076	0
13948	26435	0
17206	21097	0
30148	24826	0
12313	25464	0
19745	11766	0
25651	6290	0
26033	27411	0
29686	20205	0
28659	15287	0
8722	9172	0
7071	2728	0
21645	29856	0
22507	4889	0
24134	25212	0
12688	726	0
29486	19175	0
20709	28751	0
25201	9613	0
14401	14152	0
19841	14145	0
17324	10651	0
10477	5260	0
14774	12583	0
13645	10737	0
15535	29931	0
29351	11440	0
25412	21521	0
26044	24625	0
291	9212	0
17054	1979	0
21744	16922	0
27438	29714	0
13082	16442	0
23571	7773	0
27343	7615	0
26879	9321	0
6788	7084	0
23890	29043	0
14860	1949	0
18857	4327	0
19581	4536	0
3095	20077	0
22532	27689	0
18883	4222	0
5357	22024	0
12868	11016	0
17705	25187	0
19668	21690	0
129	23925	0
14844	13675	0
7606	30033	0
18958	11276	0
14794	6883	0
26314	7371	0
6518	7440	0
5208	17417	0
9036	9180	0
3859	5324	0
20741	2554	0
12657	15975	0
19842	26339	0
16003	23892	0
23124	27960	0
4038	3379	0
8692	19950	0
1226	4744	0
1719	26856	0
10522	28756	0
11893	23829	0
10077	22587	0
5651	24577	0
3772	27334	0
19678	20196	0
18214	28245	0
20299	6882	0
14884	12320	0
27653	18754	0
19653	5409	0
25785	3917	0
6965	13642	0
10877	29050	0
23120	28498	0
6838	20358	0
10874	20533	0
24152	17582	0
26173	25775	0
25209	5265	0
8430	9116	0
9048	29825	0
7980	28639	0
3990	4232	0
6662	20263	0
15735	13110	0
27895	23204	0
21629	2345	0
2971	1699	0
24458	23372	0
5085	28065	0
25823	29173	0
18542	29380	0
21326	22284	0
17201	28921	0
5131	16640	0
18310	20883	0
25778	20894	0
25676	690	0
16872	19642	0
25330	4518	0
2671	16777	0
30067	11774	0
9926	3003	0
23450	4568	0
3299	14986	0
21436	3247	0
20123	5386	0
8629	23500	0
4917	8482	0
12660	26204	0
16838	30004	0
10670	25456	0
8137	11194	0
6684	30025	0
21602	19833	0
5473	5783	0
29265	26678	0
3485	5574	0
2820	27929	0
15660	16468	0
18018	11130	0
28525	9358	0
17603	8220	0
11010	7349	0
28058	3676	0
12544	9712	0
27553	14381	0
15870	27533	0
30154	1983	0
4697	9180	0
23047	11375	0
18089	7208	0
13993	19652	0
7244	11094	0
18361	27345	0
12930	29171	0
15109	29567	0
28425	28480	0
21005	15563	0
27295	25705	0
24060	24701	0
2366	2972	0
14568	5629	0
11440	7284	0
537	18915	0
5745	1967	0
14560	6798	0
2015	25537	0
2168	3848	0
28782	13402	0
6849	1846	0
24133	20082	0
14920	2045	0
8109	20071	0
27130	29970	0
14361	8834	0
9558	29382	0
2948	19252	0
202	1837	0
19137	20563	0
15121	3526	0
9017	19467	0
18104	7158	0
18134	7390	0
20738	29235	0
24431	14220	0
29125	29432	0
6538	17367	0
23714	28060	0
26788	23728	0
21126	9517	0
11482	384	0
24188	12400	0
26858	4114	0
19852	19718	0
8560	14855	0
17848	9213	0
11890	19928	0
17679	22386	0
17387	16291	0
25077	10298	0
5599	8358	0
5281	10517	0
22576	14721	0
2019	6040	0
29382	13519	0
13681	7497	0
2100	14055	0
6382	21260	0
18325	20570	0
21473	23049	0
4842	14080	0
29408	7113	0
6370	19379	0
25560	27038	0
2360	28607	0
26199	3790	0
4941	22037	0
7319	12409	0
16981	14480	0
5100	13014	0
10824	837	0
18949	14904	0
928	22559	0
22384	15949	0
18565	17244	0
20454	9152	0
10931	17274	0
20369	19783	0
14837	13119	0
4473	6110	0
7855	10760	0
6312	1698	0
25807	117	0
27153	6911	0
28815	4662	0
26692	5033	0
4949	12555	0
24516	17430	0
24835	6530	0
8266	13240	0
19724	22028	0
22474	27695	0
3540	11707	0
24315	11921	0
29559	28543	0
14326	16384	0
3979	29783	0
16975	25523	0
20749	21232	0
3144	12591	0
25941	28252	0
13253	8442	0
16601	23482	0
6869	24123	0
5669	2049	0
6395	26503	0
20019	17122	0
25530	19160	0
9212	22203	0
29526	27960	0
17494	29563	0
12162	27270	0
8465	11339	0
20337	17675	0
25899	20038	0
7533	30014	0
23264	2605	0
23748	3053	0
16246	13168	0
11970	4190	0
21717	8413	0
2895	4127	0
16753	2861	0
18783	28694	0
8210	29357	0
20536	24865	0
20677	8889	0
10596	1482	0
6599	15222	0
14332	3587	0
22474	14963	0
18805	12373	0
22623	4909	0
28331	4762	0
13374	18588	0
19643	28020	0
29180	22499	0
7511	14126	0
10964	4604	0
1891	3918	0
24316	19082	0
22354	21439	0
25124	20960	0
25479	24977	0
5398	15768	0
15747	18364	0
1322	4957	0
22982	8993	0
23745	2147	0
29609	28841	0
2879	9050	0
2368	16120	0
29988	7153	0
17787	9697	0
6668	13745	0
3114	16694	0
11119	975	0
6792	9491	0
5671	11393	0
27844	17330	0
10565	12610	0
29483	24213	0
22937	1420	0
6011	10174	0
773	23037	0
2233	19630	0
20175	26709	0
3552	9025	0
17665	23321	0
23667	26950	0
17091	18853	0
22015	20246	0
9698	5620	0
311	27871	0
22614	9740	0
22147	13847	0
27018	24927	0
14453	12032	0
13152	20571	0
5090	13593	0
12899	16130	0
29755	10845	0
13439	369	0
10714	5737	0
29291	17694	0
25874	12532	0
28344	2138	0
28047	25724	0
25192	21587	0
10766	28358	0
3968	17145	0
12272	6762	0
4325	8944	0
8171	28875	0
25219	12073	0
5848	10455	0
3057	178	0
9345	22443	0
21668	10776	0
10114	22231	0
26156	2075	0
6987	2106	0
17886	18680	0
4882	24147	0
7265	6669	0
13901	16174	0
7260	300	0
15078	22871	0
2944	9378	0
12514	2719	0
14529	3016	0
14712	10014	0
24176	11266	0
4200	21197	0
4751	13712	0
20701	622	0
19793	24353	0
14547	10170	0
201	24829	0
19656	21414	0
29299	16887	0
8836	27888	0
8990	27032	0
14342	5216	0
3285	2349	0
21540	1862	0
9310	25373	0
4270	6850	0
6952	6489	0
9558	27568	0
1347	29036	0
19015	18719	0
11188	8753	0
1079	15076	0
11702	19219	0
17134	3074	0
20459	16163	0
26994	14729	0
1418	8469	0
29278	2354	0
329	12629	0
4875	8922	0
276	24516	0
2518	13968	0
26143	1409	0
4311	14868	0
5817	8472	0
27281	20837	0
12756	1611	0
28736	20397	0
3440	3453	0
8101	5966	0
25706	19150	0
17886	27082	0
17515	14574	0
21455	3482	0
21075	16262	0
16842	508	0
387	22348	0
25157	15781	0
3561	25834	0
19410	13186	0
2183	14893	0
15438	16667	0
16899	18574	0
14078	28255	0
3515	14937	0
26206	27093	0
22984	9713	0
21999	5161	0
23715	13704	0
10574	11314	0
3665	14702	0
28848	28368	0
15772	24155	0
7881	24013	0
419	22743	0
14064	26247	0
28133	9252	0
7756	396	0
18396	4021	0
23819	21340	0
20995	9853	0
5935	10999	0
6980	2619	0
13625	4542	0
22410	14092	0
130	6625	0
16507	3239	0
18926	11678	0
23751	7407	0
17072	13570	0
16812	13581	0
13409	25600	0
20645	15815	0
4685	8568	0
16434	14389	0
21153	17277	0
29515	21664	0
21776	367	0
22186	11227	0
18607	12277	0
4782	20759	0
22969	29071	0
9808	9284	0
8526	12099	0
8584	12830	0
13073	22152	0
12961	14150	0
5734	13731	0
17280	23534	0
17518	3342	0
25946	4168	0
14215	10751	0
6865	27367	0
7302	6502	0
28639	8762	0
7447	2747	0
16039	22181	0
19787	10105	0
4137	27196	0
22252	10022	0
18939	19899	0
4041	16712	0
13824	5711	0
25638	9853	0
9864	3988	0
27985	23578	0
10684	9409	0
3425	16926	0
8046	10586	0
1587	17132	0
23525	26716	0
11492	7692	0
14268	29344	0
23385	20561	0
16326	26857	0
6306	6354	0
11799	2647	0
20081	30142	0
20943	4325	0
23795	18902	0
28247	26919	0
9609	28468	0
27100	8220	0
10090	25617	0
15428	9141	0
25727	26795	0
16793	306	0
7344	18735	0
5735	28300	0
9177	7126	0
3147	20442	0
13005	7501	0
20070	11827	0
21553	6187	0
2843	23623	0
2074	27754	0
16659	26825	0
28365	17457	0
16656	17385	0
17437	29409	0
3688	25018	0
5506	4580	0
9372	7544	0
7989	22353	0
18747	2599	0
16550	7707	0
20288	19398	0
5030	6191	0
22033	15601	0
26953	5117	0
21133	13210	0
686	25279	0
6460	5755	0
10502	15263	0
26192	21068	0
21875	26392	0
12070	23252	0
14595	16525	0
5922	14456	0
13835	14216	0
4178	21686	0
3809	2051	0
11641	8861	0
16533	16597	0
25619	18869	0
6687	8218	0
27556	29313	0
21005	26683	0
7933	10175	0
8858	14793	0
16305	4506	0
3330	5570	0
22890	28676	0
19022	607	0
7413	8333	0
9144	15131	0
2817	11441	0
4463	28603	0
1654	18252	0
27224	9338	0
10850	15206	0
3316	8001	0
20116	11933	0
26044	8979	0
387	15266	0
6204	24457	0
28696	3708	0
21287	14782	0
13869	3422	0
5479	14709	0
3877	22952	0
1161	8228	0
20889	24206	0
15387	5452	0
17970	12652	0
78	11767	0
29403	3418	0
8971	627	0
1679	8845	0
9903	522	0
27470	3951	0
25442	27202	0
16567	3573	0
26359	20852	0
18545	5880	0
2623	852	0
14231	12387	0
7008	8145	0
21444	23901	0
10310	5101	0
15611	12256	0
21415	27991	0
24850	4787	0
27691	26154	0
25870	17066	0
5245	4328	0
2254	11086	0
15726	19722	0
20309	19807	0
10133	28742	0
7268	2640	0
1133	7075	0
18952	1937	0
3173	15454	0
29686	23064	0
18561	13040	0
611	10799	0
1365	15302	0
12866	28245	0
10042	12545	0
11079	20178	0
22985	29869	0
17474	11685	0
14548	13831	0
13630	12466	0
28020	23816	0
8987	18570	0
22857	4700	0
18870	22999	0
17559	7814	0
22945	18617	0
8939	13636	0
13822	6993	0
12387	29637	0
12496	18742	0
28438	13142	0
10707	13087	0
11596	7181	0
12043	28656	0
14431	21473	0
426	30007	0
18859	10975	0
11722	18736	0
12370	849	0
13952	27652	0
15475	1023	0
18588	4788	0
2573	5838	0
21647	21099	0
27403	12935	0
28708	6448	0
2391	904	0
24437	16063	0
9597	25732	0
14568	13798	0
16330	16564	0
27330	26836	0
28845	13879	0
16150	27164	0
6537	11044	0
25654	23820	0
16989	30065	0
5574	27961	0
17924	25753	0
15174	18823	0
5385	15187	0
17829	15300	0
10591	21887	0
10378	27988	0
4379	9388	0
8453	26048	0
29841	25509	0
20521	19352	0
11846	3425	0
20550	19650	0
6058	9376	0
23105	24611	0
5619	16505	0
21873	26030	0
29822	29360	0
21842	29111	0
27367	4295	0
22990	18846	0
17031	21082	0
10359	5301	0
15825	2729	1
15825	20212	1
15825	8581	1
15825	15928	1
15825	26945	1
15825	14495	1
24313	1022	1
19972	13240	1
19972	14495	1
19972	10550	1
19972	16654	1
8581	2729	1
11164	16263	1
11164	15928	1
11164	9121	1
11164	14495	1
11164	10550	1
16654	13240	1
16654	9121	1
9919	11164	1
9919	15928	1
14495	10550	1
15928	9121	1
15928	14495	1
15928	10550	1
1022	13240	1
26945	5141	1
26945	4433	1
26945	2729	1
3128	20212	1
3128	26945	1
3128	15928	1
3128	8581	1
3128	2729	1
16263	14495	1
16263	9121	1
16263	10550	1
16263	15928	1
16263	4433	1
13164	10550	1
13164	16263	1
13164	17620	1
13164	15928	1
12283	26945	1
12283	24313	1
20212	8581	1
20212	2729	1
5141	14495	1
9121	14495	1
9121	10550	1
10244	14495	1
28696	10550	1
28696	14495	1
28696	15928	1
28696	9121	1
13240	14495	1
1358	11164	1
1358	16654	1
21807	22404	1
11196	10876	1
21807	10876	1
11196	25735	1
21807	25735	1
11196	72	1
21807	72	1
11196	14335	1
21807	14335	1
11196	14882	1
21807	14882	1
101	22404	1
14882	22404	1
18339	22404	1
17928	22404	1
16829	22404	1
101	10876	1
14882	10876	1
18339	10876	1
17928	10876	1
16829	10876	1
101	25735	1
14882	25735	1
18339	25735	1
17928	25735	1
16829	25735	1
101	72	1
14882	72	1
18339	72	1
17928	72	1
16829	72	1
101	14335	1
14882	14335	1
18339	14335	1
17928	14335	1
16829	14335	1
101	14882	1
14882	14882	1
18339	14882	1
17928	14882	1
16829	14882	1
16154	22404	1
8182	22404	1
11742	22404	1
25929	22404	1
3096	22404	1
15946	22404	1
16154	10876	1
8182	10876	1
11742	10876	1
25929	10876	1
3096	10876	1
15946	10876	1
16154	25735	1
8182	25735	1
11742	25735	1
25929	25735	1
3096	25735	1
15946	25735	1
16154	72	1
8182	72	1
11742	72	1
25929	72	1
3096	72	1
15946	72	1
16154	14335	1
8182	14335	1
11742	14335	1
25929	14335	1
3096	14335	1
15946	14335	1
16154	14882	1
8182	14882	1
11742	14882	1
25929	14882	1
3096	14882	1
15946	14882	1
14495	21850	1
17253	21850	1
19416	21850	1
14495	8478	1
17253	8478	1
19416	8478	1
1643	4999	1
1643	29289	1
1643	11866	1
4224	21850	1
4224	8478	1
8466	17414	1
6452	17414	1
14122	17414	1
14110	22759	1
14110	13303	1
14110	12874	1
14110	155	1
16654	22759	1
16654	13303	1
16654	12874	1
16654	155	1
11196	101	1
21807	101	1
11196	18339	1
21807	18339	1
11196	17928	1
21807	17928	1
11196	16829	1
21807	16829	1
11196	16154	1
21807	16154	1
11196	8182	1
21807	8182	1
11196	11742	1
21807	11742	1
11196	25929	1
21807	25929	1
11196	3096	1
21807	3096	1
11196	15946	1
21807	15946	1
101	16154	1
14882	16154	1
18339	16154	1
17928	16154	1
16829	16154	1
101	8182	1
14882	8182	1
18339	8182	1
17928	8182	1
16829	8182	1
101	11742	1
14882	11742	1
18339	11742	1
17928	11742	1
16829	11742	1
101	25929	1
14882	25929	1
18339	25929	1
17928	25929	1
16829	25929	1
101	3096	1
14882	3096	1
18339	3096	1
17928	3096	1
16829	3096	1
101	15946	1
14882	15946	1
18339	15946	1
17928	15946	1
16829	15946	1
14613	18631	1
1787	18631	1
21516	18631	1
2919	18631	1
8450	18631	1
14613	9187	1
1787	9187	1
21516	9187	1
2919	9187	1
8450	9187	1
14613	4402	1
1787	4402	1
21516	4402	1
2919	4402	1
8450	4402	1
14613	1787	1
1787	1787	1
21516	1787	1
2919	1787	1
8450	1787	1
14613	13240	1
1787	13240	1
21516	13240	1
2919	13240	1
8450	13240	1
20714	24727	1
27651	24727	1
20714	28716	1
27651	28716	1
22759	1066	1
13303	1066	1
12874	1066	1
155	1066	1
14495	2175	1
14495	12482	1
14495	463	1
8478	2175	1
8478	12482	1
8478	463	1
1643	4332	1
1643	25138	1
1643	18949	1
1643	11667	1
1643	6542	1
1643	8452	1
1643	24695	1
21774	12039	1
16716	12039	1
24659	12039	1
21774	11253	1
16716	11253	1
24659	11253	1
21774	4056	1
16716	4056	1
24659	4056	1
21774	548	1
16716	548	1
24659	548	1
1643	4847	1
1643	17384	1
1643	5863	1
1643	15526	1
17767	12436	1
18743	12436	1
12436	6268	1
14912	12436	1
20057	12436	1
20316	8478	1
3547	8478	1
11804	8478	1
3117	8478	1
25724	8478	1
17653	101	1
18195	101	1
17653	14882	1
18195	14882	1
17653	18339	1
18195	18339	1
17653	17928	1
18195	17928	1
17653	16829	1
18195	16829	1
2779	22759	1
25486	22759	1
27947	22759	1
2779	13303	1
25486	13303	1
27947	13303	1
2779	12874	1
25486	12874	1
27947	12874	1
2779	155	1
25486	155	1
27947	155	1
22759	20455	1
13303	20455	1
12874	20455	1
155	20455	1
16141	16866	1
24595	16866	1
16141	10017	1
24595	10017	1
13365	15636	1
29801	15636	1
14359	15636	1
13288	15636	1
13972	15636	1
15046	15636	1
13365	25715	1
29801	25715	1
14359	25715	1
13288	25715	1
13972	25715	1
15046	25715	1
13365	18037	1
29801	18037	1
14359	18037	1
13288	18037	1
13972	18037	1
15046	18037	1
13365	4070	1
29801	4070	1
14359	4070	1
13288	4070	1
13972	4070	1
15046	4070	1
13365	17846	1
29801	17846	1
14359	17846	1
13288	17846	1
13972	17846	1
15046	17846	1
21850	24144	1
21850	19976	1
21850	3936	1
21850	12363	1
7012	12680	1
20455	1787	1
1643	2175	1
1643	12482	1
1643	463	1
5942	11542	1
19867	11542	1
19363	11542	1
2007	11542	1
10065	11196	1
20511	11196	1
1571	11196	1
17161	11196	1
7670	11196	1
18442	11196	1
17410	11196	1
7158	11196	1
10065	21807	1
20511	21807	1
1571	21807	1
17161	21807	1
7670	21807	1
18442	21807	1
17410	21807	1
7158	21807	1
1464	29737	1
27111	29737	1
23428	29737	1
20455	14613	1
20455	21516	1
20455	2919	1
20455	8450	1
8011	18188	1
9902	18188	1
5342	18188	1
8011	10704	1
9902	10704	1
5342	10704	1
8011	6211	1
9902	6211	1
5342	6211	1
7840	22404	1
6034	22404	1
1767	22404	1
7840	10876	1
6034	10876	1
1767	10876	1
7840	25735	1
6034	25735	1
1767	25735	1
7840	72	1
6034	72	1
1767	72	1
7840	14335	1
6034	14335	1
1767	14335	1
7840	14882	1
6034	14882	1
1767	14882	1
1022	12938	1
14652	12938	1
14787	12938	1
4224	2175	1
4224	12482	1
4224	463	1
3075	4332	1
3075	25138	1
3075	18949	1
3075	11667	1
3075	6542	1
3075	8452	1
3075	24695	1
23064	22510	1
21465	22510	1
23064	7943	1
21465	7943	1
4999	4847	1
29289	4847	1
11866	4847	1
4999	17384	1
29289	17384	1
11866	17384	1
4999	5863	1
29289	5863	1
11866	5863	1
4999	15526	1
29289	15526	1
11866	15526	1
3075	4999	1
3075	29289	1
3075	11866	1
22265	11657	1
653	11657	1
22265	22536	1
653	22536	1
22265	14465	1
653	14465	1
22265	9896	1
653	9896	1
22265	1118	1
653	1118	1
17653	16760	1
18195	16760	1
17653	202	1
18195	202	1
17653	6550	1
18195	6550	1
17653	16493	1
18195	16493	1
17653	27609	1
18195	27609	1
22759	8226	1
13303	8226	1
12874	8226	1
155	8226	1
22759	15246	1
13303	15246	1
12874	15246	1
155	15246	1
2779	8226	1
25486	8226	1
27947	8226	1
2779	15246	1
25486	15246	1
27947	15246	1
13067	17653	1
20254	17653	1
13067	18195	1
20254	18195	1
11967	16866	1
19802	16866	1
7862	16866	1
20079	16866	1
11967	10017	1
19802	10017	1
7862	10017	1
20079	10017	1
28169	11967	1
12396	11967	1
28040	11967	1
28169	19802	1
12396	19802	1
28040	19802	1
28169	7862	1
12396	7862	1
28040	7862	1
28169	20079	1
12396	20079	1
28040	20079	1
16141	11967	1
24595	11967	1
16141	19802	1
24595	19802	1
16141	7862	1
24595	7862	1
16141	20079	1
24595	20079	1
95	24880	1
15855	24880	1
95	17912	1
15855	17912	1
11966	3800	1
11196	7840	1
21807	7840	1
11196	6034	1
21807	6034	1
11196	1767	1
21807	1767	1
22759	18188	1
13303	18188	1
12874	18188	1
155	18188	1
22759	10704	1
13303	10704	1
12874	10704	1
155	10704	1
22759	6211	1
13303	6211	1
12874	6211	1
155	6211	1
11657	22465	1
22536	22465	1
14465	22465	1
9896	22465	1
1118	22465	1
8478	5639	1
10065	5475	1
20511	5475	1
1571	5475	1
17161	5475	1
7670	5475	1
18442	5475	1
17410	5475	1
7158	5475	1
16154	7840	1
8182	7840	1
11742	7840	1
25929	7840	1
3096	7840	1
15946	7840	1
16154	6034	1
8182	6034	1
11742	6034	1
25929	6034	1
3096	6034	1
15946	6034	1
16154	1767	1
8182	1767	1
11742	1767	1
25929	1767	1
3096	1767	1
15946	1767	1
12580	14882	1
20484	14882	1
22796	14882	1
9691	14882	1
4792	1289	1
11164	1289	1
28181	1289	1
7216	1289	1
9330	1289	1
23311	1289	1
15961	1289	1
4792	16708	1
11164	16708	1
28181	16708	1
7216	16708	1
9330	16708	1
23311	16708	1
15961	16708	1
4792	27254	1
11164	27254	1
28181	27254	1
7216	27254	1
9330	27254	1
23311	27254	1
15961	27254	1
29737	14882	1
22452	4332	1
28097	4332	1
12130	4332	1
22452	25138	1
28097	25138	1
12130	25138	1
22452	18949	1
28097	18949	1
12130	18949	1
22452	11667	1
28097	11667	1
12130	11667	1
22452	6542	1
28097	6542	1
12130	6542	1
22452	8452	1
28097	8452	1
12130	8452	1
22452	24695	1
28097	24695	1
12130	24695	1
11967	8025	1
19802	8025	1
7862	8025	1
20079	8025	1
16141	8025	1
24595	8025	1
9658	21443	1
1746	11967	1
18486	11967	1
1746	19802	1
18486	19802	1
1746	7862	1
18486	7862	1
1746	20079	1
18486	20079	1
2729	8581	1
30157	8581	1
15081	8581	1
1382	8581	1
24255	8581	1
24869	8581	1
8478	9658	1
9658	29338	1
9658	18911	1
9658	14976	1
11657	2505	1
22536	2505	1
14465	2505	1
9896	2505	1
1118	2505	1
30093	5639	1
774	5639	1
28149	5639	1
30093	19485	1
774	19485	1
28149	19485	1
30093	13998	1
774	13998	1
28149	13998	1
30093	21633	1
774	21633	1
28149	21633	1
30093	4013	1
774	4013	1
28149	4013	1
30093	24527	1
774	24527	1
28149	24527	1
1289	8295	1
16708	8295	1
27254	8295	1
1289	18651	1
16708	18651	1
27254	18651	1
1289	9017	1
16708	9017	1
27254	9017	1
1289	912	1
16708	912	1
27254	912	1
23561	18188	1
23561	10704	1
23561	6211	1
15327	8474	0
20439	25282	0
11139	15093	0
25667	2345	0
13396	13247	0
29555	17785	0
22119	15248	0
3876	25648	0
14674	5121	0
25309	14058	0
6004	253	0
12402	15991	0
27177	2392	0
11384	813	0
21028	13607	0
16144	8683	0
20828	7635	0
4832	2000	0
21815	6913	0
1676	27589	0
15763	23028	0
22335	25046	0
13790	20825	0
27728	7075	0
16671	2315	0
18456	2418	0
11329	4381	0
10087	19137	0
24985	89	0
16466	11425	0
9162	4648	0
11516	1437	0
15022	455	0
14399	4818	0
27334	14647	0
16642	6779	0
25590	3471	0
25060	12699	0
9155	8188	0
4232	9747	0
6669	22144	0
6099	10841	0
25416	9644	0
21764	14675	0
7331	2867	0
13377	2636	0
24137	22956	0
8801	7668	0
29648	26641	0
16307	19772	0
7572	24637	0
7000	27385	0
13827	7284	0
7822	11556	0
18950	7614	0
15959	20615	0
24734	15636	0
10208	17019	0
4592	10058	0
16190	1017	0
29394	7681	0
22891	6582	0
795	16415	0
19781	2445	0
13716	23061	0
6646	8258	0
29986	16905	0
2970	26015	0
25913	8086	0
24241	14314	0
26815	18694	0
148	980	0
8558	1996	0
2774	7314	0
28461	25565	0
26790	20220	0
16628	12728	0
2665	18556	0
14879	12914	0
27526	20251	0
9740	11428	0
25521	22421	0
19932	16431	0
23956	408	0
28320	5438	0
20208	22250	0
3603	11181	0
22527	28761	0
4436	17942	0
26137	7752	0
2949	9125	0
12048	22751	0
211	25955	0
8209	19351	0
6884	21669	0
5917	19093	0
2593	20800	0
4072	20352	0
4355	23119	0
21255	3797	0
26291	11761	0
21307	15946	0
13844	29980	0
12503	29040	0
10988	14637	0
25291	3987	0
28841	13456	0
29470	25590	0
29456	23312	0
5178	4902	0
5082	11323	0
18599	11477	0
5780	23868	0
1893	11152	0
8479	23174	0
1723	1142	0
20367	29690	0
19836	20478	0
16914	27019	0
10012	2554	0
10096	5708	0
9260	15639	0
14440	11600	0
24492	4195	0
22353	26000	0
10358	15367	0
15418	24442	0
7672	23893	0
1619	11324	0
24396	8231	0
10879	28229	0
13007	1649	0
620	2176	0
17905	29301	0
3790	14875	0
7845	3583	0
29294	18320	0
21672	29484	0
8000	20094	0
29782	20701	0
24657	23871	0
10405	11343	0
17588	3431	0
2660	17304	0
20048	25253	0
27158	24729	0
3615	927	0
10318	26835	0
1560	14158	0
19622	9744	0
7999	29992	0
14505	3844	0
11645	16069	0
19987	27508	0
21037	448	0
44	18724	0
29033	2522	0
1362	27344	0
20599	24407	0
24179	8339	0
23761	7953	0
1042	12429	0
10363	25690	0
10870	5118	0
19159	8190	0
29158	23792	0
24912	14179	0
7938	526	0
6650	25576	0
24013	9376	0
7848	26715	0
22032	3320	0
24822	8322	0
8420	7019	0
19818	18277	0
25166	2716	0
26300	23261	0
29264	7206	0
20930	12505	0
18686	1281	0
8392	5294	0
24843	22938	0
10034	20671	0
25992	2744	0
9877	8714	0
10198	10689	0
5810	1426	0
22274	8592	0
19008	13662	0
15663	20256	0
19825	16029	0
8008	9647	0
2861	2066	0
28280	18897	0
3751	5040	0
18076	9591	0
13964	3881	0
1739	18996	0
29583	22307	0
3899	3004	0
23186	7597	0
4621	15630	0
24231	6098	0
27912	12133	0
4559	7029	0
6547	21564	0
14613	12275	0
19579	14746	0
16698	29642	0
5876	5620	0
12053	12715	0
27888	12077	0
20645	29085	0
28665	12413	0
10346	24672	0
23081	1171	0
27895	29312	0
22945	16461	0
29415	12919	0
29470	3099	0
11308	25309	0
24459	2271	0
25823	12269	0
20249	27079	0
27214	19481	0
17706	26368	0
23162	3624	0
20540	28842	0
12713	8031	0
2364	439	0
3627	8045	0
2900	1062	0
24903	6791	0
25283	23598	0
21768	1310	0
6154	29978	0
18106	13117	0
2193	23054	0
20435	16517	0
23045	3523	0
14824	7723	0
18354	28136	0
25216	13068	0
19136	27872	0
8951	24382	0
2848	8200	0
30029	21561	0
23536	1588	0
13431	13288	0
5917	1059	0
13786	8804	0
537	14229	0
15705	28296	0
24672	28560	0
20773	14255	0
2282	20436	0
27953	7716	0
7418	17270	0
28784	25403	0
18920	23118	0
5111	27858	0
26478	27321	0
2214	17063	0
27638	1065	0
23854	19508	0
2795	19985	0
18740	23151	0
23146	13042	0
25626	1069	0
22266	19663	0
23824	7460	0
1148	26664	0
7024	23428	0
23170	9328	0
15107	29978	0
2391	23894	0
7350	17035	0
7486	27834	0
18441	24667	0
3691	26236	0
3862	13367	0
2040	21656	0
13214	18114	0
25142	12118	0
29917	3828	0
22703	29858	0
9313	23313	0
19555	10835	0
7346	7476	0
24110	8800	0
11051	10286	0
28769	274	0
14423	27261	0
12953	14182	0
12537	23518	0
9260	7727	0
10036	21543	0
13600	11677	0
13833	8183	0
29497	28140	0
21789	7742	0
24742	27855	0
8761	15071	0
16953	22461	0
17845	17941	0
11592	26386	0
13681	16673	0
23537	19945	0
28341	7063	0
2549	28976	0
16873	14633	0
24785	22936	0
3405	24046	0
13734	20257	0
1084	19480	0
4955	28293	0
18605	24184	0
29901	17823	0
19563	10121	0
6734	27059	0
21830	12213	0
6737	1823	0
12508	26803	0
29681	20679	0
20263	7640	0
7084	27440	0
5115	10471	0
23829	6229	0
23440	22124	0
22079	3679	0
6595	1219	0
19518	25334	0
691	13498	0
26328	11564	0
4080	10797	0
14250	449	0
22296	24117	0
20006	3176	0
19215	14427	0
28965	10098	0
14624	9892	0
24586	15070	0
10284	5729	0
30100	15523	0
290	26949	0
16265	12972	0
24748	1762	0
5026	14783	0
23432	27642	0
21289	14567	0
27280	9247	0
10359	26987	0
27860	13166	0
1349	10248	0
16790	9655	0
29555	18778	0
27880	5208	0
9635	26840	0
13095	4383	0
4532	29741	0
29309	13282	0
18749	655	0
10174	16719	0
3925	23272	0
3437	1197	0
9982	2098	0
14562	3490	0
17791	7970	0
24740	14295	0
27729	24160	0
21890	2125	0
4890	28326	0
4566	13427	0
27888	29697	0
1735	2893	0
29693	10768	0
19138	4046	0
17893	20707	0
27379	23750	0
25677	20554	0
6301	12070	0
8975	9086	0
24006	24721	0
16559	29969	0
11219	6710	0
8071	15363	0
23775	29007	0
12981	6584	0
21229	8699	0
23850	17560	0
21868	8917	0
20151	10301	0
9467	27862	0
11174	3536	0
7724	4916	0
18221	27410	0
3891	3086	0
5157	17159	0
11863	6844	0
26246	12024	0
14300	29639	0
24979	16382	0
16028	14984	0
4480	23381	0
21430	20692	0
10447	7671	0
16744	17616	0
20663	19954	0
7892	12333	0
15816	15360	0
17074	7715	0
11537	2688	0
5800	16819	0
26749	29098	0
20927	29253	0
29783	29295	0
21386	12730	0
11525	23538	0
8705	6953	0
15538	28245	0
6911	26503	0
20339	17121	0
8478	2788	0
23737	21563	0
5243	20523	0
8626	24195	0
10185	21190	0
10758	10577	0
28713	18568	0
2656	12111	0
25077	6767	0
22461	8240	0
17854	17226	0
5044	28485	0
8302	29531	0
16201	14565	0
14838	2817	0
12171	23765	0
20766	1969	0
14384	25166	0
12376	17031	0
26450	3763	0
11361	19133	0
17618	17330	0
17134	26937	0
1534	11682	0
13049	5212	0
6679	2918	0
9731	29351	0
1727	15539	0
25675	16672	0
23560	7450	0
27248	30131	0
19672	8994	0
8592	28622	0
29885	11779	0
3326	18347	0
16130	75	0
21642	5417	0
11877	28282	0
25733	1010	0
11692	24070	0
6352	4523	0
2604	5830	0
13817	4401	0
27265	29692	0
18125	24583	0
17951	26666	0
20873	24454	0
29303	5571	0
16872	5033	0
22273	20116	0
16812	9468	0
8253	11960	0
8063	27656	0
16881	5031	0
6586	5727	0
7941	18093	0
23266	23262	0
21013	17014	0
27956	19200	0
29294	11849	0
21277	20008	0
12050	15488	0
10980	29432	0
10613	29208	0
28613	20316	0
8007	27775	0
12455	2321	0
6474	12544	0
9270	6407	0
26256	5042	0
11760	26305	0
13732	26826	0
11095	22815	0
27650	19891	0
245	15016	0
2821	15112	0
19764	7897	0
16887	18361	0
6494	11024	0
12715	26466	0
654	7204	0
9920	24604	0
17363	7677	0
8840	28972	0
8544	7423	0
21423	11363	0
9125	1779	0
8595	35	0
27999	802	0
9729	13482	0
26348	2142	0
11973	21540	0
25313	25969	0
29509	26360	0
14016	24647	0
9306	11194	0
14516	29372	0
3803	9382	0
9715	7718	0
30108	9420	0
20594	2086	0
23706	18771	0
5478	4098	0
28866	6611	0
10245	5358	0
27487	13910	0
7440	4784	0
27963	14884	0
26436	11156	0
1022	25150	0
20511	20058	0
25705	9866	0
15633	6157	0
27995	25630	0
21351	27894	0
985	23659	0
29093	26414	0
29949	2998	0
25312	2508	0
17550	12055	0
13856	665	0
1526	5386	0
13692	18872	0
24956	2886	0
23973	26339	0
15692	23199	0
15985	26158	0
9109	27836	0
9187	1718	0
7030	7014	0
30160	18381	0
24981	28618	0
17972	10075	0
12067	20088	0
16627	19364	0
24310	22415	0
25513	18032	0
14474	16392	0
26780	26229	0
5348	28687	0
21911	406	0
7778	19610	0
16189	3970	0
435	4216	0
26470	1372	0
5129	27074	0
14075	7152	0
14107	12987	0
28803	6300	0
14178	4209	0
2265	4038	0
6172	27643	0
22778	21995	0
16770	16663	0
12411	20690	0
2888	26924	0
15607	24123	0
3712	22394	0
18746	7172	0
19789	3640	0
22465	20765	0
6384	11797	0
29166	1301	0
884	26332	0
24561	1449	0
13225	18609	0
26515	12943	0
15590	25674	0
14905	440	0
1094	19613	0
3270	7383	0
16789	22339	0
6512	21288	0
19804	24691	0
4639	12540	0
398	18705	0
23287	6711	0
11687	27917	0
18572	9898	0
15950	25533	0
10710	25494	0
25626	25369	0
16876	7576	0
28023	15742	0
7952	17246	0
1196	8311	0
15277	13966	0
25407	19591	0
5647	16045	0
14903	4611	0
236	871	0
19356	11694	0
15590	2477	0
10910	28085	0
21766	13523	0
30084	5736	0
22912	25719	0
28295	19571	0
12505	14897	0
28088	8259	0
15964	26232	0
14348	18333	0
10445	8725	0
26929	23228	0
22344	7449	0
21608	20954	0
2447	1477	0
17426	2065	0
28531	6666	0
12793	18788	0
2883	7017	0
29385	14687	0
2200	11050	0
2588	8851	0
6931	994	0
21180	4154	0
25106	18521	0
8610	13391	0
4008	16309	0
25042	28523	0
22032	7575	0
19037	17237	0
20621	25862	0
27956	22486	0
4818	10890	0
9392	23990	0
7277	22643	0
5397	22132	0
9279	27116	0
12242	7085	0
14567	10701	0
89	28265	0
20511	10024	0
11860	48	0
1953	5190	0
2383	21583	0
29883	6582	0
25057	22969	0
9155	19199	0
25546	27559	0
9292	22167	0
17002	9670	0
19651	832	0
